A Plate with Applied Pressure Loads                  26-FEB-15
Plane stress
      32        25                     ! No. of Elements, No. of Nodes
      3.e7       0.3 		       ! Young's Modulus, Poisson's Ratio
# Nodes:
       1   	  0.e0	  0.e0
       2   	  0.5e0  0.125e0
       3   	  1.e0	  0.25e0
       4   	  1.5e0  0.375e0
       5   	  2.e0	  0.5e0
       6   	  0.e0	  0.25e0
       7   	  .5e0	  0.34375e0
       8   	  1.e0	  0.4375e0
       9   	  1.5e0  0.53125e0
       10       2.e0   0.6250e0
       11       0.e0   0.5e0
       12       0.5e0  0.5625e0
       13       1.e0   0.625e0
       14       1.5e0  0.6875e0
       15       2.e0   0.75e0
       16       0.e0   0.75e0
       17       0.5e0  0.78125e0
       18       1.e0   0.8125e0
       19       1.5e0  0.84375e0
       20       2.e0   0.875e0
       21       0.e0   1.e0
       22       0.5e0  1.e0
       23       1.e0   1.e0
       24       1.5e0  1.e0
       25       2.e0   1.e0
# Element Connectivity:
       1         1   7     6
       2         1   2     7
       3         2   8     7
       4         2   3     8
       5         3   9     8
       6         3   4     9
       7         4   10     9
       8         4   5      10
       9         6   12     11
       10        6   7      12
       11        7   13     12
       12        7   8      13
       13        8   14     13
       14        8   9      14
       15        9   15     14
       16        9   10     15
       17        11  17     16
       18        11  12     17
       19        12  18     17
       20        12  13     18
       21        13  19     18
       22        13  14     19
       23        14  20     19
       24        14  15     20
       25        16  22     21
       26        16  17     22
       27        17  23     22
       28        17  18     23
       29        18  24     23
       30        18  19     24
       31        19  25     24
       32        19  20     25
# Boundary conditions:
       1   	  1    0.e0	  1    0.e0
       2   	  1    0.e0     1    0.e0
       3   	  1    0.e0	  1    0.e0
       4   	  1    0.e0	  1    0.e0
       5   	  1    0.e0	  1    0.e0
       6   	  1    0.e0	  1    0.e0
       7   	  2    0.e0	  2    0.e0
       8   	  2    0.e0	  2    0.e0
       9   	  2    0.e0	  2    0.e0
       10       1    0.e0	  1    0.e0
       11       1    0.e0	  1    0.e0
       12       2    0.e0	  2    0.e0
       13       2    0.e0	  2    0.e0
       14       2    0.e0	  2    0.e0
       15       1    0.e0	  1    0.e0
       16       1    0.e0	  1    0.e0
       17       2    0.e0	  2    0.e0
       18       2    0.e0	  2    0.e0
       19       2    0.e0	  2    0.e0
       20       1    0.e0	  1    0.e0
       21       1    0.e0	  1    0.e0
       22       2    0.e0	  2    0.e0
       23       2    0.e0	  2    0.e0
       24       2    0.e0	  2    0.e0
       25       1    0.e0	  1    0.e0
# Traction:
       4      ! the number of edge which is applied traction
       1      21     22     
       2      22     23     
       3      23     24     
       4      24     25    
# End of file