A Plate with Applied Pressure Loads                  26-May-25
Plane stress
      64      81                     ! No. of Elements, No. of Nodes
   3.0e+07     0.3               ! Young's Modulus, Poisson's Ratio
# Nodes:
       1  0.00000000e+00  0.00000000e+00
       2  2.50000000e-01  6.25000000e-02
       3  5.00000000e-01  1.25000000e-01
       4  7.50000000e-01  1.87500000e-01
       5  1.00000000e+00  2.50000000e-01
       6  1.25000000e+00  3.12500000e-01
       7  1.50000000e+00  3.75000000e-01
       8  1.75000000e+00  4.37500000e-01
       9  2.00000000e+00  5.00000000e-01
      10  0.00000000e+00  1.25000000e-01
      11  2.50000000e-01  1.79687500e-01
      12  5.00000000e-01  2.34375000e-01
      13  7.50000000e-01  2.89062500e-01
      14  1.00000000e+00  3.43750000e-01
      15  1.25000000e+00  3.98437500e-01
      16  1.50000000e+00  4.53125000e-01
      17  1.75000000e+00  5.07812500e-01
      18  2.00000000e+00  5.62500000e-01
      19  0.00000000e+00  2.50000000e-01
      20  2.50000000e-01  2.96875000e-01
      21  5.00000000e-01  3.43750000e-01
      22  7.50000000e-01  3.90625000e-01
      23  1.00000000e+00  4.37500000e-01
      24  1.25000000e+00  4.84375000e-01
      25  1.50000000e+00  5.31250000e-01
      26  1.75000000e+00  5.78125000e-01
      27  2.00000000e+00  6.25000000e-01
      28  0.00000000e+00  3.75000000e-01
      29  2.50000000e-01  4.14062500e-01
      30  5.00000000e-01  4.53125000e-01
      31  7.50000000e-01  4.92187500e-01
      32  1.00000000e+00  5.31250000e-01
      33  1.25000000e+00  5.70312500e-01
      34  1.50000000e+00  6.09375000e-01
      35  1.75000000e+00  6.48437500e-01
      36  2.00000000e+00  6.87500000e-01
      37  0.00000000e+00  5.00000000e-01
      38  2.50000000e-01  5.31250000e-01
      39  5.00000000e-01  5.62500000e-01
      40  7.50000000e-01  5.93750000e-01
      41  1.00000000e+00  6.25000000e-01
      42  1.25000000e+00  6.56250000e-01
      43  1.50000000e+00  6.87500000e-01
      44  1.75000000e+00  7.18750000e-01
      45  2.00000000e+00  7.50000000e-01
      46  0.00000000e+00  6.25000000e-01
      47  2.50000000e-01  6.48437500e-01
      48  5.00000000e-01  6.71875000e-01
      49  7.50000000e-01  6.95312500e-01
      50  1.00000000e+00  7.18750000e-01
      51  1.25000000e+00  7.42187500e-01
      52  1.50000000e+00  7.65625000e-01
      53  1.75000000e+00  7.89062500e-01
      54  2.00000000e+00  8.12500000e-01
      55  0.00000000e+00  7.50000000e-01
      56  2.50000000e-01  7.65625000e-01
      57  5.00000000e-01  7.81250000e-01
      58  7.50000000e-01  7.96875000e-01
      59  1.00000000e+00  8.12500000e-01
      60  1.25000000e+00  8.28125000e-01
      61  1.50000000e+00  8.43750000e-01
      62  1.75000000e+00  8.59375000e-01
      63  2.00000000e+00  8.75000000e-01
      64  0.00000000e+00  8.75000000e-01
      65  2.50000000e-01  8.82812500e-01
      66  5.00000000e-01  8.90625000e-01
      67  7.50000000e-01  8.98437500e-01
      68  1.00000000e+00  9.06250000e-01
      69  1.25000000e+00  9.14062500e-01
      70  1.50000000e+00  9.21875000e-01
      71  1.75000000e+00  9.29687500e-01
      72  2.00000000e+00  9.37500000e-01
      73  0.00000000e+00  1.00000000e+00
      74  2.50000000e-01  1.00000000e+00
      75  5.00000000e-01  1.00000000e+00
      76  7.50000000e-01  1.00000000e+00
      77  1.00000000e+00  1.00000000e+00
      78  1.25000000e+00  1.00000000e+00
      79  1.50000000e+00  1.00000000e+00
      80  1.75000000e+00  1.00000000e+00
      81  2.00000000e+00  1.00000000e+00
# Element Connectivity:
       1       1       2      11      10
       2       2       3      12      11
       3       3       4      13      12
       4       4       5      14      13
       5       5       6      15      14
       6       6       7      16      15
       7       7       8      17      16
       8       8       9      18      17
       9      10      11      20      19
      10      11      12      21      20
      11      12      13      22      21
      12      13      14      23      22
      13      14      15      24      23
      14      15      16      25      24
      15      16      17      26      25
      16      17      18      27      26
      17      19      20      29      28
      18      20      21      30      29
      19      21      22      31      30
      20      22      23      32      31
      21      23      24      33      32
      22      24      25      34      33
      23      25      26      35      34
      24      26      27      36      35
      25      28      29      38      37
      26      29      30      39      38
      27      30      31      40      39
      28      31      32      41      40
      29      32      33      42      41
      30      33      34      43      42
      31      34      35      44      43
      32      35      36      45      44
      33      37      38      47      46
      34      38      39      48      47
      35      39      40      49      48
      36      40      41      50      49
      37      41      42      51      50
      38      42      43      52      51
      39      43      44      53      52
      40      44      45      54      53
      41      46      47      56      55
      42      47      48      57      56
      43      48      49      58      57
      44      49      50      59      58
      45      50      51      60      59
      46      51      52      61      60
      47      52      53      62      61
      48      53      54      63      62
      49      55      56      65      64
      50      56      57      66      65
      51      57      58      67      66
      52      58      59      68      67
      53      59      60      69      68
      54      60      61      70      69
      55      61      62      71      70
      56      62      63      72      71
      57      64      65      74      73
      58      65      66      75      74
      59      66      67      76      75
      60      67      68      77      76
      61      68      69      78      77
      62      69      70      79      78
      63      70      71      80      79
      64      71      72      81      80
# Boundary conditions:
       1       1   0.000e+00       1   0.000e+00
       2       1   0.000e+00       1   0.000e+00
       3       1   0.000e+00       1   0.000e+00
       4       1   0.000e+00       1   0.000e+00
       5       1   0.000e+00       1   0.000e+00
       6       1   0.000e+00       1   0.000e+00
       7       1   0.000e+00       1   0.000e+00
       8       1   0.000e+00       1   0.000e+00
       9       1   0.000e+00       1   0.000e+00
      10       1   0.000e+00       1   0.000e+00
      11       2   0.000e+00       2   0.000e+00
      12       2   0.000e+00       2   0.000e+00
      13       2   0.000e+00       2   0.000e+00
      14       2   0.000e+00       2   0.000e+00
      15       2   0.000e+00       2   0.000e+00
      16       2   0.000e+00       2   0.000e+00
      17       2   0.000e+00       2   0.000e+00
      18       1   0.000e+00       1   0.000e+00
      19       1   0.000e+00       1   0.000e+00
      20       2   0.000e+00       2   0.000e+00
      21       2   0.000e+00       2   0.000e+00
      22       2   0.000e+00       2   0.000e+00
      23       2   0.000e+00       2   0.000e+00
      24       2   0.000e+00       2   0.000e+00
      25       2   0.000e+00       2   0.000e+00
      26       2   0.000e+00       2   0.000e+00
      27       1   0.000e+00       1   0.000e+00
      28       1   0.000e+00       1   0.000e+00
      29       2   0.000e+00       2   0.000e+00
      30       2   0.000e+00       2   0.000e+00
      31       2   0.000e+00       2   0.000e+00
      32       2   0.000e+00       2   0.000e+00
      33       2   0.000e+00       2   0.000e+00
      34       2   0.000e+00       2   0.000e+00
      35       2   0.000e+00       2   0.000e+00
      36       1   0.000e+00       1   0.000e+00
      37       1   0.000e+00       1   0.000e+00
      38       2   0.000e+00       2   0.000e+00
      39       2   0.000e+00       2   0.000e+00
      40       2   0.000e+00       2   0.000e+00
      41       2   0.000e+00       2   0.000e+00
      42       2   0.000e+00       2   0.000e+00
      43       2   0.000e+00       2   0.000e+00
      44       2   0.000e+00       2   0.000e+00
      45       1   0.000e+00       1   0.000e+00
      46       1   0.000e+00       1   0.000e+00
      47       2   0.000e+00       2   0.000e+00
      48       2   0.000e+00       2   0.000e+00
      49       2   0.000e+00       2   0.000e+00
      50       2   0.000e+00       2   0.000e+00
      51       2   0.000e+00       2   0.000e+00
      52       2   0.000e+00       2   0.000e+00
      53       2   0.000e+00       2   0.000e+00
      54       1   0.000e+00       1   0.000e+00
      55       1   0.000e+00       1   0.000e+00
      56       2   0.000e+00       2   0.000e+00
      57       2   0.000e+00       2   0.000e+00
      58       2   0.000e+00       2   0.000e+00
      59       2   0.000e+00       2   0.000e+00
      60       2   0.000e+00       2   0.000e+00
      61       2   0.000e+00       2   0.000e+00
      62       2   0.000e+00       2   0.000e+00
      63       1   0.000e+00       1   0.000e+00
      64       1   0.000e+00       1   0.000e+00
      65       2   0.000e+00       2   0.000e+00
      66       2   0.000e+00       2   0.000e+00
      67       2   0.000e+00       2   0.000e+00
      68       2   0.000e+00       2   0.000e+00
      69       2   0.000e+00       2   0.000e+00
      70       2   0.000e+00       2   0.000e+00
      71       2   0.000e+00       2   0.000e+00
      72       1   0.000e+00       1   0.000e+00
      73       1   0.000e+00       1   0.000e+00
      74       1   0.000e+00       1   0.000e+00
      75       1   0.000e+00       1   0.000e+00
      76       1   0.000e+00       1   0.000e+00
      77       1   0.000e+00       1   0.000e+00
      78       1   0.000e+00       1   0.000e+00
      79       1   0.000e+00       1   0.000e+00
      80       1   0.000e+00       1   0.000e+00
      81       1   0.000e+00       1   0.000e+00
// # Traction:
//        8      ! the number of edge which is applied traction
//        1      73      74
//        2      74      75
//        3      75      76
//        4      76      77
//        5      77      78
//        6      78      79
//        7      79      80
//        8      80      81
# End of file
