A Plate with Applied Pressure Loads                  27-May-25
Plane stress
     400     441                     ! No. of Elements, No. of Nodes
   3.0e+07     0.3               ! Young's Modulus, Poisson's Ratio
# Nodes:
       1  0.00000000e+00  0.00000000e+00
       2  1.00000000e-01  2.50000000e-02
       3  2.00000000e-01  5.00000000e-02
       4  3.00000000e-01  7.50000000e-02
       5  4.00000000e-01  1.00000000e-01
       6  5.00000000e-01  1.25000000e-01
       7  6.00000000e-01  1.50000000e-01
       8  7.00000000e-01  1.75000000e-01
       9  8.00000000e-01  2.00000000e-01
      10  9.00000000e-01  2.25000000e-01
      11  1.00000000e+00  2.50000000e-01
      12  1.10000000e+00  2.75000000e-01
      13  1.20000000e+00  3.00000000e-01
      14  1.30000000e+00  3.25000000e-01
      15  1.40000000e+00  3.50000000e-01
      16  1.50000000e+00  3.75000000e-01
      17  1.60000000e+00  4.00000000e-01
      18  1.70000000e+00  4.25000000e-01
      19  1.80000000e+00  4.50000000e-01
      20  1.90000000e+00  4.75000000e-01
      21  2.00000000e+00  5.00000000e-01
      22  0.00000000e+00  5.00000000e-02
      23  1.00000000e-01  7.37500000e-02
      24  2.00000000e-01  9.75000000e-02
      25  3.00000000e-01  1.21250000e-01
      26  4.00000000e-01  1.45000000e-01
      27  5.00000000e-01  1.68750000e-01
      28  6.00000000e-01  1.92500000e-01
      29  7.00000000e-01  2.16250000e-01
      30  8.00000000e-01  2.40000000e-01
      31  9.00000000e-01  2.63750000e-01
      32  1.00000000e+00  2.87500000e-01
      33  1.10000000e+00  3.11250000e-01
      34  1.20000000e+00  3.35000000e-01
      35  1.30000000e+00  3.58750000e-01
      36  1.40000000e+00  3.82500000e-01
      37  1.50000000e+00  4.06250000e-01
      38  1.60000000e+00  4.30000000e-01
      39  1.70000000e+00  4.53750000e-01
      40  1.80000000e+00  4.77500000e-01
      41  1.90000000e+00  5.01250000e-01
      42  2.00000000e+00  5.25000000e-01
      43  0.00000000e+00  1.00000000e-01
      44  1.00000000e-01  1.22500000e-01
      45  2.00000000e-01  1.45000000e-01
      46  3.00000000e-01  1.67500000e-01
      47  4.00000000e-01  1.90000000e-01
      48  5.00000000e-01  2.12500000e-01
      49  6.00000000e-01  2.35000000e-01
      50  7.00000000e-01  2.57500000e-01
      51  8.00000000e-01  2.80000000e-01
      52  9.00000000e-01  3.02500000e-01
      53  1.00000000e+00  3.25000000e-01
      54  1.10000000e+00  3.47500000e-01
      55  1.20000000e+00  3.70000000e-01
      56  1.30000000e+00  3.92500000e-01
      57  1.40000000e+00  4.15000000e-01
      58  1.50000000e+00  4.37500000e-01
      59  1.60000000e+00  4.60000000e-01
      60  1.70000000e+00  4.82500000e-01
      61  1.80000000e+00  5.05000000e-01
      62  1.90000000e+00  5.27500000e-01
      63  2.00000000e+00  5.50000000e-01
      64  0.00000000e+00  1.50000000e-01
      65  1.00000000e-01  1.71250000e-01
      66  2.00000000e-01  1.92500000e-01
      67  3.00000000e-01  2.13750000e-01
      68  4.00000000e-01  2.35000000e-01
      69  5.00000000e-01  2.56250000e-01
      70  6.00000000e-01  2.77500000e-01
      71  7.00000000e-01  2.98750000e-01
      72  8.00000000e-01  3.20000000e-01
      73  9.00000000e-01  3.41250000e-01
      74  1.00000000e+00  3.62500000e-01
      75  1.10000000e+00  3.83750000e-01
      76  1.20000000e+00  4.05000000e-01
      77  1.30000000e+00  4.26250000e-01
      78  1.40000000e+00  4.47500000e-01
      79  1.50000000e+00  4.68750000e-01
      80  1.60000000e+00  4.90000000e-01
      81  1.70000000e+00  5.11250000e-01
      82  1.80000000e+00  5.32500000e-01
      83  1.90000000e+00  5.53750000e-01
      84  2.00000000e+00  5.75000000e-01
      85  0.00000000e+00  2.00000000e-01
      86  1.00000000e-01  2.20000000e-01
      87  2.00000000e-01  2.40000000e-01
      88  3.00000000e-01  2.60000000e-01
      89  4.00000000e-01  2.80000000e-01
      90  5.00000000e-01  3.00000000e-01
      91  6.00000000e-01  3.20000000e-01
      92  7.00000000e-01  3.40000000e-01
      93  8.00000000e-01  3.60000000e-01
      94  9.00000000e-01  3.80000000e-01
      95  1.00000000e+00  4.00000000e-01
      96  1.10000000e+00  4.20000000e-01
      97  1.20000000e+00  4.40000000e-01
      98  1.30000000e+00  4.60000000e-01
      99  1.40000000e+00  4.80000000e-01
     100  1.50000000e+00  5.00000000e-01
     101  1.60000000e+00  5.20000000e-01
     102  1.70000000e+00  5.40000000e-01
     103  1.80000000e+00  5.60000000e-01
     104  1.90000000e+00  5.80000000e-01
     105  2.00000000e+00  6.00000000e-01
     106  0.00000000e+00  2.50000000e-01
     107  1.00000000e-01  2.68750000e-01
     108  2.00000000e-01  2.87500000e-01
     109  3.00000000e-01  3.06250000e-01
     110  4.00000000e-01  3.25000000e-01
     111  5.00000000e-01  3.43750000e-01
     112  6.00000000e-01  3.62500000e-01
     113  7.00000000e-01  3.81250000e-01
     114  8.00000000e-01  4.00000000e-01
     115  9.00000000e-01  4.18750000e-01
     116  1.00000000e+00  4.37500000e-01
     117  1.10000000e+00  4.56250000e-01
     118  1.20000000e+00  4.75000000e-01
     119  1.30000000e+00  4.93750000e-01
     120  1.40000000e+00  5.12500000e-01
     121  1.50000000e+00  5.31250000e-01
     122  1.60000000e+00  5.50000000e-01
     123  1.70000000e+00  5.68750000e-01
     124  1.80000000e+00  5.87500000e-01
     125  1.90000000e+00  6.06250000e-01
     126  2.00000000e+00  6.25000000e-01
     127  0.00000000e+00  3.00000000e-01
     128  1.00000000e-01  3.17500000e-01
     129  2.00000000e-01  3.35000000e-01
     130  3.00000000e-01  3.52500000e-01
     131  4.00000000e-01  3.70000000e-01
     132  5.00000000e-01  3.87500000e-01
     133  6.00000000e-01  4.05000000e-01
     134  7.00000000e-01  4.22500000e-01
     135  8.00000000e-01  4.40000000e-01
     136  9.00000000e-01  4.57500000e-01
     137  1.00000000e+00  4.75000000e-01
     138  1.10000000e+00  4.92500000e-01
     139  1.20000000e+00  5.10000000e-01
     140  1.30000000e+00  5.27500000e-01
     141  1.40000000e+00  5.45000000e-01
     142  1.50000000e+00  5.62500000e-01
     143  1.60000000e+00  5.80000000e-01
     144  1.70000000e+00  5.97500000e-01
     145  1.80000000e+00  6.15000000e-01
     146  1.90000000e+00  6.32500000e-01
     147  2.00000000e+00  6.50000000e-01
     148  0.00000000e+00  3.50000000e-01
     149  1.00000000e-01  3.66250000e-01
     150  2.00000000e-01  3.82500000e-01
     151  3.00000000e-01  3.98750000e-01
     152  4.00000000e-01  4.15000000e-01
     153  5.00000000e-01  4.31250000e-01
     154  6.00000000e-01  4.47500000e-01
     155  7.00000000e-01  4.63750000e-01
     156  8.00000000e-01  4.80000000e-01
     157  9.00000000e-01  4.96250000e-01
     158  1.00000000e+00  5.12500000e-01
     159  1.10000000e+00  5.28750000e-01
     160  1.20000000e+00  5.45000000e-01
     161  1.30000000e+00  5.61250000e-01
     162  1.40000000e+00  5.77500000e-01
     163  1.50000000e+00  5.93750000e-01
     164  1.60000000e+00  6.10000000e-01
     165  1.70000000e+00  6.26250000e-01
     166  1.80000000e+00  6.42500000e-01
     167  1.90000000e+00  6.58750000e-01
     168  2.00000000e+00  6.75000000e-01
     169  0.00000000e+00  4.00000000e-01
     170  1.00000000e-01  4.15000000e-01
     171  2.00000000e-01  4.30000000e-01
     172  3.00000000e-01  4.45000000e-01
     173  4.00000000e-01  4.60000000e-01
     174  5.00000000e-01  4.75000000e-01
     175  6.00000000e-01  4.90000000e-01
     176  7.00000000e-01  5.05000000e-01
     177  8.00000000e-01  5.20000000e-01
     178  9.00000000e-01  5.35000000e-01
     179  1.00000000e+00  5.50000000e-01
     180  1.10000000e+00  5.65000000e-01
     181  1.20000000e+00  5.80000000e-01
     182  1.30000000e+00  5.95000000e-01
     183  1.40000000e+00  6.10000000e-01
     184  1.50000000e+00  6.25000000e-01
     185  1.60000000e+00  6.40000000e-01
     186  1.70000000e+00  6.55000000e-01
     187  1.80000000e+00  6.70000000e-01
     188  1.90000000e+00  6.85000000e-01
     189  2.00000000e+00  7.00000000e-01
     190  0.00000000e+00  4.50000000e-01
     191  1.00000000e-01  4.63750000e-01
     192  2.00000000e-01  4.77500000e-01
     193  3.00000000e-01  4.91250000e-01
     194  4.00000000e-01  5.05000000e-01
     195  5.00000000e-01  5.18750000e-01
     196  6.00000000e-01  5.32500000e-01
     197  7.00000000e-01  5.46250000e-01
     198  8.00000000e-01  5.60000000e-01
     199  9.00000000e-01  5.73750000e-01
     200  1.00000000e+00  5.87500000e-01
     201  1.10000000e+00  6.01250000e-01
     202  1.20000000e+00  6.15000000e-01
     203  1.30000000e+00  6.28750000e-01
     204  1.40000000e+00  6.42500000e-01
     205  1.50000000e+00  6.56250000e-01
     206  1.60000000e+00  6.70000000e-01
     207  1.70000000e+00  6.83750000e-01
     208  1.80000000e+00  6.97500000e-01
     209  1.90000000e+00  7.11250000e-01
     210  2.00000000e+00  7.25000000e-01
     211  0.00000000e+00  5.00000000e-01
     212  1.00000000e-01  5.12500000e-01
     213  2.00000000e-01  5.25000000e-01
     214  3.00000000e-01  5.37500000e-01
     215  4.00000000e-01  5.50000000e-01
     216  5.00000000e-01  5.62500000e-01
     217  6.00000000e-01  5.75000000e-01
     218  7.00000000e-01  5.87500000e-01
     219  8.00000000e-01  6.00000000e-01
     220  9.00000000e-01  6.12500000e-01
     221  1.00000000e+00  6.25000000e-01
     222  1.10000000e+00  6.37500000e-01
     223  1.20000000e+00  6.50000000e-01
     224  1.30000000e+00  6.62500000e-01
     225  1.40000000e+00  6.75000000e-01
     226  1.50000000e+00  6.87500000e-01
     227  1.60000000e+00  7.00000000e-01
     228  1.70000000e+00  7.12500000e-01
     229  1.80000000e+00  7.25000000e-01
     230  1.90000000e+00  7.37500000e-01
     231  2.00000000e+00  7.50000000e-01
     232  0.00000000e+00  5.50000000e-01
     233  1.00000000e-01  5.61250000e-01
     234  2.00000000e-01  5.72500000e-01
     235  3.00000000e-01  5.83750000e-01
     236  4.00000000e-01  5.95000000e-01
     237  5.00000000e-01  6.06250000e-01
     238  6.00000000e-01  6.17500000e-01
     239  7.00000000e-01  6.28750000e-01
     240  8.00000000e-01  6.40000000e-01
     241  9.00000000e-01  6.51250000e-01
     242  1.00000000e+00  6.62500000e-01
     243  1.10000000e+00  6.73750000e-01
     244  1.20000000e+00  6.85000000e-01
     245  1.30000000e+00  6.96250000e-01
     246  1.40000000e+00  7.07500000e-01
     247  1.50000000e+00  7.18750000e-01
     248  1.60000000e+00  7.30000000e-01
     249  1.70000000e+00  7.41250000e-01
     250  1.80000000e+00  7.52500000e-01
     251  1.90000000e+00  7.63750000e-01
     252  2.00000000e+00  7.75000000e-01
     253  0.00000000e+00  6.00000000e-01
     254  1.00000000e-01  6.10000000e-01
     255  2.00000000e-01  6.20000000e-01
     256  3.00000000e-01  6.30000000e-01
     257  4.00000000e-01  6.40000000e-01
     258  5.00000000e-01  6.50000000e-01
     259  6.00000000e-01  6.60000000e-01
     260  7.00000000e-01  6.70000000e-01
     261  8.00000000e-01  6.80000000e-01
     262  9.00000000e-01  6.90000000e-01
     263  1.00000000e+00  7.00000000e-01
     264  1.10000000e+00  7.10000000e-01
     265  1.20000000e+00  7.20000000e-01
     266  1.30000000e+00  7.30000000e-01
     267  1.40000000e+00  7.40000000e-01
     268  1.50000000e+00  7.50000000e-01
     269  1.60000000e+00  7.60000000e-01
     270  1.70000000e+00  7.70000000e-01
     271  1.80000000e+00  7.80000000e-01
     272  1.90000000e+00  7.90000000e-01
     273  2.00000000e+00  8.00000000e-01
     274  0.00000000e+00  6.50000000e-01
     275  1.00000000e-01  6.58750000e-01
     276  2.00000000e-01  6.67500000e-01
     277  3.00000000e-01  6.76250000e-01
     278  4.00000000e-01  6.85000000e-01
     279  5.00000000e-01  6.93750000e-01
     280  6.00000000e-01  7.02500000e-01
     281  7.00000000e-01  7.11250000e-01
     282  8.00000000e-01  7.20000000e-01
     283  9.00000000e-01  7.28750000e-01
     284  1.00000000e+00  7.37500000e-01
     285  1.10000000e+00  7.46250000e-01
     286  1.20000000e+00  7.55000000e-01
     287  1.30000000e+00  7.63750000e-01
     288  1.40000000e+00  7.72500000e-01
     289  1.50000000e+00  7.81250000e-01
     290  1.60000000e+00  7.90000000e-01
     291  1.70000000e+00  7.98750000e-01
     292  1.80000000e+00  8.07500000e-01
     293  1.90000000e+00  8.16250000e-01
     294  2.00000000e+00  8.25000000e-01
     295  0.00000000e+00  7.00000000e-01
     296  1.00000000e-01  7.07500000e-01
     297  2.00000000e-01  7.15000000e-01
     298  3.00000000e-01  7.22500000e-01
     299  4.00000000e-01  7.30000000e-01
     300  5.00000000e-01  7.37500000e-01
     301  6.00000000e-01  7.45000000e-01
     302  7.00000000e-01  7.52500000e-01
     303  8.00000000e-01  7.60000000e-01
     304  9.00000000e-01  7.67500000e-01
     305  1.00000000e+00  7.75000000e-01
     306  1.10000000e+00  7.82500000e-01
     307  1.20000000e+00  7.90000000e-01
     308  1.30000000e+00  7.97500000e-01
     309  1.40000000e+00  8.05000000e-01
     310  1.50000000e+00  8.12500000e-01
     311  1.60000000e+00  8.20000000e-01
     312  1.70000000e+00  8.27500000e-01
     313  1.80000000e+00  8.35000000e-01
     314  1.90000000e+00  8.42500000e-01
     315  2.00000000e+00  8.50000000e-01
     316  0.00000000e+00  7.50000000e-01
     317  1.00000000e-01  7.56250000e-01
     318  2.00000000e-01  7.62500000e-01
     319  3.00000000e-01  7.68750000e-01
     320  4.00000000e-01  7.75000000e-01
     321  5.00000000e-01  7.81250000e-01
     322  6.00000000e-01  7.87500000e-01
     323  7.00000000e-01  7.93750000e-01
     324  8.00000000e-01  8.00000000e-01
     325  9.00000000e-01  8.06250000e-01
     326  1.00000000e+00  8.12500000e-01
     327  1.10000000e+00  8.18750000e-01
     328  1.20000000e+00  8.25000000e-01
     329  1.30000000e+00  8.31250000e-01
     330  1.40000000e+00  8.37500000e-01
     331  1.50000000e+00  8.43750000e-01
     332  1.60000000e+00  8.50000000e-01
     333  1.70000000e+00  8.56250000e-01
     334  1.80000000e+00  8.62500000e-01
     335  1.90000000e+00  8.68750000e-01
     336  2.00000000e+00  8.75000000e-01
     337  0.00000000e+00  8.00000000e-01
     338  1.00000000e-01  8.05000000e-01
     339  2.00000000e-01  8.10000000e-01
     340  3.00000000e-01  8.15000000e-01
     341  4.00000000e-01  8.20000000e-01
     342  5.00000000e-01  8.25000000e-01
     343  6.00000000e-01  8.30000000e-01
     344  7.00000000e-01  8.35000000e-01
     345  8.00000000e-01  8.40000000e-01
     346  9.00000000e-01  8.45000000e-01
     347  1.00000000e+00  8.50000000e-01
     348  1.10000000e+00  8.55000000e-01
     349  1.20000000e+00  8.60000000e-01
     350  1.30000000e+00  8.65000000e-01
     351  1.40000000e+00  8.70000000e-01
     352  1.50000000e+00  8.75000000e-01
     353  1.60000000e+00  8.80000000e-01
     354  1.70000000e+00  8.85000000e-01
     355  1.80000000e+00  8.90000000e-01
     356  1.90000000e+00  8.95000000e-01
     357  2.00000000e+00  9.00000000e-01
     358  0.00000000e+00  8.50000000e-01
     359  1.00000000e-01  8.53750000e-01
     360  2.00000000e-01  8.57500000e-01
     361  3.00000000e-01  8.61250000e-01
     362  4.00000000e-01  8.65000000e-01
     363  5.00000000e-01  8.68750000e-01
     364  6.00000000e-01  8.72500000e-01
     365  7.00000000e-01  8.76250000e-01
     366  8.00000000e-01  8.80000000e-01
     367  9.00000000e-01  8.83750000e-01
     368  1.00000000e+00  8.87500000e-01
     369  1.10000000e+00  8.91250000e-01
     370  1.20000000e+00  8.95000000e-01
     371  1.30000000e+00  8.98750000e-01
     372  1.40000000e+00  9.02500000e-01
     373  1.50000000e+00  9.06250000e-01
     374  1.60000000e+00  9.10000000e-01
     375  1.70000000e+00  9.13750000e-01
     376  1.80000000e+00  9.17500000e-01
     377  1.90000000e+00  9.21250000e-01
     378  2.00000000e+00  9.25000000e-01
     379  0.00000000e+00  9.00000000e-01
     380  1.00000000e-01  9.02500000e-01
     381  2.00000000e-01  9.05000000e-01
     382  3.00000000e-01  9.07500000e-01
     383  4.00000000e-01  9.10000000e-01
     384  5.00000000e-01  9.12500000e-01
     385  6.00000000e-01  9.15000000e-01
     386  7.00000000e-01  9.17500000e-01
     387  8.00000000e-01  9.20000000e-01
     388  9.00000000e-01  9.22500000e-01
     389  1.00000000e+00  9.25000000e-01
     390  1.10000000e+00  9.27500000e-01
     391  1.20000000e+00  9.30000000e-01
     392  1.30000000e+00  9.32500000e-01
     393  1.40000000e+00  9.35000000e-01
     394  1.50000000e+00  9.37500000e-01
     395  1.60000000e+00  9.40000000e-01
     396  1.70000000e+00  9.42500000e-01
     397  1.80000000e+00  9.45000000e-01
     398  1.90000000e+00  9.47500000e-01
     399  2.00000000e+00  9.50000000e-01
     400  0.00000000e+00  9.50000000e-01
     401  1.00000000e-01  9.51250000e-01
     402  2.00000000e-01  9.52500000e-01
     403  3.00000000e-01  9.53750000e-01
     404  4.00000000e-01  9.55000000e-01
     405  5.00000000e-01  9.56250000e-01
     406  6.00000000e-01  9.57500000e-01
     407  7.00000000e-01  9.58750000e-01
     408  8.00000000e-01  9.60000000e-01
     409  9.00000000e-01  9.61250000e-01
     410  1.00000000e+00  9.62500000e-01
     411  1.10000000e+00  9.63750000e-01
     412  1.20000000e+00  9.65000000e-01
     413  1.30000000e+00  9.66250000e-01
     414  1.40000000e+00  9.67500000e-01
     415  1.50000000e+00  9.68750000e-01
     416  1.60000000e+00  9.70000000e-01
     417  1.70000000e+00  9.71250000e-01
     418  1.80000000e+00  9.72500000e-01
     419  1.90000000e+00  9.73750000e-01
     420  2.00000000e+00  9.75000000e-01
     421  0.00000000e+00  1.00000000e+00
     422  1.00000000e-01  1.00000000e+00
     423  2.00000000e-01  1.00000000e+00
     424  3.00000000e-01  1.00000000e+00
     425  4.00000000e-01  1.00000000e+00
     426  5.00000000e-01  1.00000000e+00
     427  6.00000000e-01  1.00000000e+00
     428  7.00000000e-01  1.00000000e+00
     429  8.00000000e-01  1.00000000e+00
     430  9.00000000e-01  1.00000000e+00
     431  1.00000000e+00  1.00000000e+00
     432  1.10000000e+00  1.00000000e+00
     433  1.20000000e+00  1.00000000e+00
     434  1.30000000e+00  1.00000000e+00
     435  1.40000000e+00  1.00000000e+00
     436  1.50000000e+00  1.00000000e+00
     437  1.60000000e+00  1.00000000e+00
     438  1.70000000e+00  1.00000000e+00
     439  1.80000000e+00  1.00000000e+00
     440  1.90000000e+00  1.00000000e+00
     441  2.00000000e+00  1.00000000e+00
# Element Connectivity:
       1       1       2      23      22
       2       2       3      24      23
       3       3       4      25      24
       4       4       5      26      25
       5       5       6      27      26
       6       6       7      28      27
       7       7       8      29      28
       8       8       9      30      29
       9       9      10      31      30
      10      10      11      32      31
      11      11      12      33      32
      12      12      13      34      33
      13      13      14      35      34
      14      14      15      36      35
      15      15      16      37      36
      16      16      17      38      37
      17      17      18      39      38
      18      18      19      40      39
      19      19      20      41      40
      20      20      21      42      41
      21      22      23      44      43
      22      23      24      45      44
      23      24      25      46      45
      24      25      26      47      46
      25      26      27      48      47
      26      27      28      49      48
      27      28      29      50      49
      28      29      30      51      50
      29      30      31      52      51
      30      31      32      53      52
      31      32      33      54      53
      32      33      34      55      54
      33      34      35      56      55
      34      35      36      57      56
      35      36      37      58      57
      36      37      38      59      58
      37      38      39      60      59
      38      39      40      61      60
      39      40      41      62      61
      40      41      42      63      62
      41      43      44      65      64
      42      44      45      66      65
      43      45      46      67      66
      44      46      47      68      67
      45      47      48      69      68
      46      48      49      70      69
      47      49      50      71      70
      48      50      51      72      71
      49      51      52      73      72
      50      52      53      74      73
      51      53      54      75      74
      52      54      55      76      75
      53      55      56      77      76
      54      56      57      78      77
      55      57      58      79      78
      56      58      59      80      79
      57      59      60      81      80
      58      60      61      82      81
      59      61      62      83      82
      60      62      63      84      83
      61      64      65      86      85
      62      65      66      87      86
      63      66      67      88      87
      64      67      68      89      88
      65      68      69      90      89
      66      69      70      91      90
      67      70      71      92      91
      68      71      72      93      92
      69      72      73      94      93
      70      73      74      95      94
      71      74      75      96      95
      72      75      76      97      96
      73      76      77      98      97
      74      77      78      99      98
      75      78      79     100      99
      76      79      80     101     100
      77      80      81     102     101
      78      81      82     103     102
      79      82      83     104     103
      80      83      84     105     104
      81      85      86     107     106
      82      86      87     108     107
      83      87      88     109     108
      84      88      89     110     109
      85      89      90     111     110
      86      90      91     112     111
      87      91      92     113     112
      88      92      93     114     113
      89      93      94     115     114
      90      94      95     116     115
      91      95      96     117     116
      92      96      97     118     117
      93      97      98     119     118
      94      98      99     120     119
      95      99     100     121     120
      96     100     101     122     121
      97     101     102     123     122
      98     102     103     124     123
      99     103     104     125     124
     100     104     105     126     125
     101     106     107     128     127
     102     107     108     129     128
     103     108     109     130     129
     104     109     110     131     130
     105     110     111     132     131
     106     111     112     133     132
     107     112     113     134     133
     108     113     114     135     134
     109     114     115     136     135
     110     115     116     137     136
     111     116     117     138     137
     112     117     118     139     138
     113     118     119     140     139
     114     119     120     141     140
     115     120     121     142     141
     116     121     122     143     142
     117     122     123     144     143
     118     123     124     145     144
     119     124     125     146     145
     120     125     126     147     146
     121     127     128     149     148
     122     128     129     150     149
     123     129     130     151     150
     124     130     131     152     151
     125     131     132     153     152
     126     132     133     154     153
     127     133     134     155     154
     128     134     135     156     155
     129     135     136     157     156
     130     136     137     158     157
     131     137     138     159     158
     132     138     139     160     159
     133     139     140     161     160
     134     140     141     162     161
     135     141     142     163     162
     136     142     143     164     163
     137     143     144     165     164
     138     144     145     166     165
     139     145     146     167     166
     140     146     147     168     167
     141     148     149     170     169
     142     149     150     171     170
     143     150     151     172     171
     144     151     152     173     172
     145     152     153     174     173
     146     153     154     175     174
     147     154     155     176     175
     148     155     156     177     176
     149     156     157     178     177
     150     157     158     179     178
     151     158     159     180     179
     152     159     160     181     180
     153     160     161     182     181
     154     161     162     183     182
     155     162     163     184     183
     156     163     164     185     184
     157     164     165     186     185
     158     165     166     187     186
     159     166     167     188     187
     160     167     168     189     188
     161     169     170     191     190
     162     170     171     192     191
     163     171     172     193     192
     164     172     173     194     193
     165     173     174     195     194
     166     174     175     196     195
     167     175     176     197     196
     168     176     177     198     197
     169     177     178     199     198
     170     178     179     200     199
     171     179     180     201     200
     172     180     181     202     201
     173     181     182     203     202
     174     182     183     204     203
     175     183     184     205     204
     176     184     185     206     205
     177     185     186     207     206
     178     186     187     208     207
     179     187     188     209     208
     180     188     189     210     209
     181     190     191     212     211
     182     191     192     213     212
     183     192     193     214     213
     184     193     194     215     214
     185     194     195     216     215
     186     195     196     217     216
     187     196     197     218     217
     188     197     198     219     218
     189     198     199     220     219
     190     199     200     221     220
     191     200     201     222     221
     192     201     202     223     222
     193     202     203     224     223
     194     203     204     225     224
     195     204     205     226     225
     196     205     206     227     226
     197     206     207     228     227
     198     207     208     229     228
     199     208     209     230     229
     200     209     210     231     230
     201     211     212     233     232
     202     212     213     234     233
     203     213     214     235     234
     204     214     215     236     235
     205     215     216     237     236
     206     216     217     238     237
     207     217     218     239     238
     208     218     219     240     239
     209     219     220     241     240
     210     220     221     242     241
     211     221     222     243     242
     212     222     223     244     243
     213     223     224     245     244
     214     224     225     246     245
     215     225     226     247     246
     216     226     227     248     247
     217     227     228     249     248
     218     228     229     250     249
     219     229     230     251     250
     220     230     231     252     251
     221     232     233     254     253
     222     233     234     255     254
     223     234     235     256     255
     224     235     236     257     256
     225     236     237     258     257
     226     237     238     259     258
     227     238     239     260     259
     228     239     240     261     260
     229     240     241     262     261
     230     241     242     263     262
     231     242     243     264     263
     232     243     244     265     264
     233     244     245     266     265
     234     245     246     267     266
     235     246     247     268     267
     236     247     248     269     268
     237     248     249     270     269
     238     249     250     271     270
     239     250     251     272     271
     240     251     252     273     272
     241     253     254     275     274
     242     254     255     276     275
     243     255     256     277     276
     244     256     257     278     277
     245     257     258     279     278
     246     258     259     280     279
     247     259     260     281     280
     248     260     261     282     281
     249     261     262     283     282
     250     262     263     284     283
     251     263     264     285     284
     252     264     265     286     285
     253     265     266     287     286
     254     266     267     288     287
     255     267     268     289     288
     256     268     269     290     289
     257     269     270     291     290
     258     270     271     292     291
     259     271     272     293     292
     260     272     273     294     293
     261     274     275     296     295
     262     275     276     297     296
     263     276     277     298     297
     264     277     278     299     298
     265     278     279     300     299
     266     279     280     301     300
     267     280     281     302     301
     268     281     282     303     302
     269     282     283     304     303
     270     283     284     305     304
     271     284     285     306     305
     272     285     286     307     306
     273     286     287     308     307
     274     287     288     309     308
     275     288     289     310     309
     276     289     290     311     310
     277     290     291     312     311
     278     291     292     313     312
     279     292     293     314     313
     280     293     294     315     314
     281     295     296     317     316
     282     296     297     318     317
     283     297     298     319     318
     284     298     299     320     319
     285     299     300     321     320
     286     300     301     322     321
     287     301     302     323     322
     288     302     303     324     323
     289     303     304     325     324
     290     304     305     326     325
     291     305     306     327     326
     292     306     307     328     327
     293     307     308     329     328
     294     308     309     330     329
     295     309     310     331     330
     296     310     311     332     331
     297     311     312     333     332
     298     312     313     334     333
     299     313     314     335     334
     300     314     315     336     335
     301     316     317     338     337
     302     317     318     339     338
     303     318     319     340     339
     304     319     320     341     340
     305     320     321     342     341
     306     321     322     343     342
     307     322     323     344     343
     308     323     324     345     344
     309     324     325     346     345
     310     325     326     347     346
     311     326     327     348     347
     312     327     328     349     348
     313     328     329     350     349
     314     329     330     351     350
     315     330     331     352     351
     316     331     332     353     352
     317     332     333     354     353
     318     333     334     355     354
     319     334     335     356     355
     320     335     336     357     356
     321     337     338     359     358
     322     338     339     360     359
     323     339     340     361     360
     324     340     341     362     361
     325     341     342     363     362
     326     342     343     364     363
     327     343     344     365     364
     328     344     345     366     365
     329     345     346     367     366
     330     346     347     368     367
     331     347     348     369     368
     332     348     349     370     369
     333     349     350     371     370
     334     350     351     372     371
     335     351     352     373     372
     336     352     353     374     373
     337     353     354     375     374
     338     354     355     376     375
     339     355     356     377     376
     340     356     357     378     377
     341     358     359     380     379
     342     359     360     381     380
     343     360     361     382     381
     344     361     362     383     382
     345     362     363     384     383
     346     363     364     385     384
     347     364     365     386     385
     348     365     366     387     386
     349     366     367     388     387
     350     367     368     389     388
     351     368     369     390     389
     352     369     370     391     390
     353     370     371     392     391
     354     371     372     393     392
     355     372     373     394     393
     356     373     374     395     394
     357     374     375     396     395
     358     375     376     397     396
     359     376     377     398     397
     360     377     378     399     398
     361     379     380     401     400
     362     380     381     402     401
     363     381     382     403     402
     364     382     383     404     403
     365     383     384     405     404
     366     384     385     406     405
     367     385     386     407     406
     368     386     387     408     407
     369     387     388     409     408
     370     388     389     410     409
     371     389     390     411     410
     372     390     391     412     411
     373     391     392     413     412
     374     392     393     414     413
     375     393     394     415     414
     376     394     395     416     415
     377     395     396     417     416
     378     396     397     418     417
     379     397     398     419     418
     380     398     399     420     419
     381     400     401     422     421
     382     401     402     423     422
     383     402     403     424     423
     384     403     404     425     424
     385     404     405     426     425
     386     405     406     427     426
     387     406     407     428     427
     388     407     408     429     428
     389     408     409     430     429
     390     409     410     431     430
     391     410     411     432     431
     392     411     412     433     432
     393     412     413     434     433
     394     413     414     435     434
     395     414     415     436     435
     396     415     416     437     436
     397     416     417     438     437
     398     417     418     439     438
     399     418     419     440     439
     400     419     420     441     440
# Boundary conditions:
       1       1   0.000e+00       1   0.000e+00
       2       1   0.000e+00       1   0.000e+00
       3       1   0.000e+00       1   0.000e+00
       4       1   0.000e+00       1   0.000e+00
       5       1   0.000e+00       1   0.000e+00
       6       1   0.000e+00       1   0.000e+00
       7       1   0.000e+00       1   0.000e+00
       8       1   0.000e+00       1   0.000e+00
       9       1   0.000e+00       1   0.000e+00
      10       1   0.000e+00       1   0.000e+00
      11       1   0.000e+00       1   0.000e+00
      12       1   0.000e+00       1   0.000e+00
      13       1   0.000e+00       1   0.000e+00
      14       1   0.000e+00       1   0.000e+00
      15       1   0.000e+00       1   0.000e+00
      16       1   0.000e+00       1   0.000e+00
      17       1   0.000e+00       1   0.000e+00
      18       1   0.000e+00       1   0.000e+00
      19       1   0.000e+00       1   0.000e+00
      20       1   0.000e+00       1   0.000e+00
      21       1   0.000e+00       1   0.000e+00
      22       1   0.000e+00       1   0.000e+00
      23       2   0.000e+00       2   0.000e+00
      24       2   0.000e+00       2   0.000e+00
      25       2   0.000e+00       2   0.000e+00
      26       2   0.000e+00       2   0.000e+00
      27       2   0.000e+00       2   0.000e+00
      28       2   0.000e+00       2   0.000e+00
      29       2   0.000e+00       2   0.000e+00
      30       2   0.000e+00       2   0.000e+00
      31       2   0.000e+00       2   0.000e+00
      32       2   0.000e+00       2   0.000e+00
      33       2   0.000e+00       2   0.000e+00
      34       2   0.000e+00       2   0.000e+00
      35       2   0.000e+00       2   0.000e+00
      36       2   0.000e+00       2   0.000e+00
      37       2   0.000e+00       2   0.000e+00
      38       2   0.000e+00       2   0.000e+00
      39       2   0.000e+00       2   0.000e+00
      40       2   0.000e+00       2   0.000e+00
      41       2   0.000e+00       2   0.000e+00
      42       1   0.000e+00       1   0.000e+00
      43       1   0.000e+00       1   0.000e+00
      44       2   0.000e+00       2   0.000e+00
      45       2   0.000e+00       2   0.000e+00
      46       2   0.000e+00       2   0.000e+00
      47       2   0.000e+00       2   0.000e+00
      48       2   0.000e+00       2   0.000e+00
      49       2   0.000e+00       2   0.000e+00
      50       2   0.000e+00       2   0.000e+00
      51       2   0.000e+00       2   0.000e+00
      52       2   0.000e+00       2   0.000e+00
      53       2   0.000e+00       2   0.000e+00
      54       2   0.000e+00       2   0.000e+00
      55       2   0.000e+00       2   0.000e+00
      56       2   0.000e+00       2   0.000e+00
      57       2   0.000e+00       2   0.000e+00
      58       2   0.000e+00       2   0.000e+00
      59       2   0.000e+00       2   0.000e+00
      60       2   0.000e+00       2   0.000e+00
      61       2   0.000e+00       2   0.000e+00
      62       2   0.000e+00       2   0.000e+00
      63       1   0.000e+00       1   0.000e+00
      64       1   0.000e+00       1   0.000e+00
      65       2   0.000e+00       2   0.000e+00
      66       2   0.000e+00       2   0.000e+00
      67       2   0.000e+00       2   0.000e+00
      68       2   0.000e+00       2   0.000e+00
      69       2   0.000e+00       2   0.000e+00
      70       2   0.000e+00       2   0.000e+00
      71       2   0.000e+00       2   0.000e+00
      72       2   0.000e+00       2   0.000e+00
      73       2   0.000e+00       2   0.000e+00
      74       2   0.000e+00       2   0.000e+00
      75       2   0.000e+00       2   0.000e+00
      76       2   0.000e+00       2   0.000e+00
      77       2   0.000e+00       2   0.000e+00
      78       2   0.000e+00       2   0.000e+00
      79       2   0.000e+00       2   0.000e+00
      80       2   0.000e+00       2   0.000e+00
      81       2   0.000e+00       2   0.000e+00
      82       2   0.000e+00       2   0.000e+00
      83       2   0.000e+00       2   0.000e+00
      84       1   0.000e+00       1   0.000e+00
      85       1   0.000e+00       1   0.000e+00
      86       2   0.000e+00       2   0.000e+00
      87       2   0.000e+00       2   0.000e+00
      88       2   0.000e+00       2   0.000e+00
      89       2   0.000e+00       2   0.000e+00
      90       2   0.000e+00       2   0.000e+00
      91       2   0.000e+00       2   0.000e+00
      92       2   0.000e+00       2   0.000e+00
      93       2   0.000e+00       2   0.000e+00
      94       2   0.000e+00       2   0.000e+00
      95       2   0.000e+00       2   0.000e+00
      96       2   0.000e+00       2   0.000e+00
      97       2   0.000e+00       2   0.000e+00
      98       2   0.000e+00       2   0.000e+00
      99       2   0.000e+00       2   0.000e+00
     100       2   0.000e+00       2   0.000e+00
     101       2   0.000e+00       2   0.000e+00
     102       2   0.000e+00       2   0.000e+00
     103       2   0.000e+00       2   0.000e+00
     104       2   0.000e+00       2   0.000e+00
     105       1   0.000e+00       1   0.000e+00
     106       1   0.000e+00       1   0.000e+00
     107       2   0.000e+00       2   0.000e+00
     108       2   0.000e+00       2   0.000e+00
     109       2   0.000e+00       2   0.000e+00
     110       2   0.000e+00       2   0.000e+00
     111       2   0.000e+00       2   0.000e+00
     112       2   0.000e+00       2   0.000e+00
     113       2   0.000e+00       2   0.000e+00
     114       2   0.000e+00       2   0.000e+00
     115       2   0.000e+00       2   0.000e+00
     116       2   0.000e+00       2   0.000e+00
     117       2   0.000e+00       2   0.000e+00
     118       2   0.000e+00       2   0.000e+00
     119       2   0.000e+00       2   0.000e+00
     120       2   0.000e+00       2   0.000e+00
     121       2   0.000e+00       2   0.000e+00
     122       2   0.000e+00       2   0.000e+00
     123       2   0.000e+00       2   0.000e+00
     124       2   0.000e+00       2   0.000e+00
     125       2   0.000e+00       2   0.000e+00
     126       1   0.000e+00       1   0.000e+00
     127       1   0.000e+00       1   0.000e+00
     128       2   0.000e+00       2   0.000e+00
     129       2   0.000e+00       2   0.000e+00
     130       2   0.000e+00       2   0.000e+00
     131       2   0.000e+00       2   0.000e+00
     132       2   0.000e+00       2   0.000e+00
     133       2   0.000e+00       2   0.000e+00
     134       2   0.000e+00       2   0.000e+00
     135       2   0.000e+00       2   0.000e+00
     136       2   0.000e+00       2   0.000e+00
     137       2   0.000e+00       2   0.000e+00
     138       2   0.000e+00       2   0.000e+00
     139       2   0.000e+00       2   0.000e+00
     140       2   0.000e+00       2   0.000e+00
     141       2   0.000e+00       2   0.000e+00
     142       2   0.000e+00       2   0.000e+00
     143       2   0.000e+00       2   0.000e+00
     144       2   0.000e+00       2   0.000e+00
     145       2   0.000e+00       2   0.000e+00
     146       2   0.000e+00       2   0.000e+00
     147       1   0.000e+00       1   0.000e+00
     148       1   0.000e+00       1   0.000e+00
     149       2   0.000e+00       2   0.000e+00
     150       2   0.000e+00       2   0.000e+00
     151       2   0.000e+00       2   0.000e+00
     152       2   0.000e+00       2   0.000e+00
     153       2   0.000e+00       2   0.000e+00
     154       2   0.000e+00       2   0.000e+00
     155       2   0.000e+00       2   0.000e+00
     156       2   0.000e+00       2   0.000e+00
     157       2   0.000e+00       2   0.000e+00
     158       2   0.000e+00       2   0.000e+00
     159       2   0.000e+00       2   0.000e+00
     160       2   0.000e+00       2   0.000e+00
     161       2   0.000e+00       2   0.000e+00
     162       2   0.000e+00       2   0.000e+00
     163       2   0.000e+00       2   0.000e+00
     164       2   0.000e+00       2   0.000e+00
     165       2   0.000e+00       2   0.000e+00
     166       2   0.000e+00       2   0.000e+00
     167       2   0.000e+00       2   0.000e+00
     168       1   0.000e+00       1   0.000e+00
     169       1   0.000e+00       1   0.000e+00
     170       2   0.000e+00       2   0.000e+00
     171       2   0.000e+00       2   0.000e+00
     172       2   0.000e+00       2   0.000e+00
     173       2   0.000e+00       2   0.000e+00
     174       2   0.000e+00       2   0.000e+00
     175       2   0.000e+00       2   0.000e+00
     176       2   0.000e+00       2   0.000e+00
     177       2   0.000e+00       2   0.000e+00
     178       2   0.000e+00       2   0.000e+00
     179       2   0.000e+00       2   0.000e+00
     180       2   0.000e+00       2   0.000e+00
     181       2   0.000e+00       2   0.000e+00
     182       2   0.000e+00       2   0.000e+00
     183       2   0.000e+00       2   0.000e+00
     184       2   0.000e+00       2   0.000e+00
     185       2   0.000e+00       2   0.000e+00
     186       2   0.000e+00       2   0.000e+00
     187       2   0.000e+00       2   0.000e+00
     188       2   0.000e+00       2   0.000e+00
     189       1   0.000e+00       1   0.000e+00
     190       1   0.000e+00       1   0.000e+00
     191       2   0.000e+00       2   0.000e+00
     192       2   0.000e+00       2   0.000e+00
     193       2   0.000e+00       2   0.000e+00
     194       2   0.000e+00       2   0.000e+00
     195       2   0.000e+00       2   0.000e+00
     196       2   0.000e+00       2   0.000e+00
     197       2   0.000e+00       2   0.000e+00
     198       2   0.000e+00       2   0.000e+00
     199       2   0.000e+00       2   0.000e+00
     200       2   0.000e+00       2   0.000e+00
     201       2   0.000e+00       2   0.000e+00
     202       2   0.000e+00       2   0.000e+00
     203       2   0.000e+00       2   0.000e+00
     204       2   0.000e+00       2   0.000e+00
     205       2   0.000e+00       2   0.000e+00
     206       2   0.000e+00       2   0.000e+00
     207       2   0.000e+00       2   0.000e+00
     208       2   0.000e+00       2   0.000e+00
     209       2   0.000e+00       2   0.000e+00
     210       1   0.000e+00       1   0.000e+00
     211       1   0.000e+00       1   0.000e+00
     212       2   0.000e+00       2   0.000e+00
     213       2   0.000e+00       2   0.000e+00
     214       2   0.000e+00       2   0.000e+00
     215       2   0.000e+00       2   0.000e+00
     216       2   0.000e+00       2   0.000e+00
     217       2   0.000e+00       2   0.000e+00
     218       2   0.000e+00       2   0.000e+00
     219       2   0.000e+00       2   0.000e+00
     220       2   0.000e+00       2   0.000e+00
     221       2   0.000e+00       2   0.000e+00
     222       2   0.000e+00       2   0.000e+00
     223       2   0.000e+00       2   0.000e+00
     224       2   0.000e+00       2   0.000e+00
     225       2   0.000e+00       2   0.000e+00
     226       2   0.000e+00       2   0.000e+00
     227       2   0.000e+00       2   0.000e+00
     228       2   0.000e+00       2   0.000e+00
     229       2   0.000e+00       2   0.000e+00
     230       2   0.000e+00       2   0.000e+00
     231       1   0.000e+00       1   0.000e+00
     232       1   0.000e+00       1   0.000e+00
     233       2   0.000e+00       2   0.000e+00
     234       2   0.000e+00       2   0.000e+00
     235       2   0.000e+00       2   0.000e+00
     236       2   0.000e+00       2   0.000e+00
     237       2   0.000e+00       2   0.000e+00
     238       2   0.000e+00       2   0.000e+00
     239       2   0.000e+00       2   0.000e+00
     240       2   0.000e+00       2   0.000e+00
     241       2   0.000e+00       2   0.000e+00
     242       2   0.000e+00       2   0.000e+00
     243       2   0.000e+00       2   0.000e+00
     244       2   0.000e+00       2   0.000e+00
     245       2   0.000e+00       2   0.000e+00
     246       2   0.000e+00       2   0.000e+00
     247       2   0.000e+00       2   0.000e+00
     248       2   0.000e+00       2   0.000e+00
     249       2   0.000e+00       2   0.000e+00
     250       2   0.000e+00       2   0.000e+00
     251       2   0.000e+00       2   0.000e+00
     252       1   0.000e+00       1   0.000e+00
     253       1   0.000e+00       1   0.000e+00
     254       2   0.000e+00       2   0.000e+00
     255       2   0.000e+00       2   0.000e+00
     256       2   0.000e+00       2   0.000e+00
     257       2   0.000e+00       2   0.000e+00
     258       2   0.000e+00       2   0.000e+00
     259       2   0.000e+00       2   0.000e+00
     260       2   0.000e+00       2   0.000e+00
     261       2   0.000e+00       2   0.000e+00
     262       2   0.000e+00       2   0.000e+00
     263       2   0.000e+00       2   0.000e+00
     264       2   0.000e+00       2   0.000e+00
     265       2   0.000e+00       2   0.000e+00
     266       2   0.000e+00       2   0.000e+00
     267       2   0.000e+00       2   0.000e+00
     268       2   0.000e+00       2   0.000e+00
     269       2   0.000e+00       2   0.000e+00
     270       2   0.000e+00       2   0.000e+00
     271       2   0.000e+00       2   0.000e+00
     272       2   0.000e+00       2   0.000e+00
     273       1   0.000e+00       1   0.000e+00
     274       1   0.000e+00       1   0.000e+00
     275       2   0.000e+00       2   0.000e+00
     276       2   0.000e+00       2   0.000e+00
     277       2   0.000e+00       2   0.000e+00
     278       2   0.000e+00       2   0.000e+00
     279       2   0.000e+00       2   0.000e+00
     280       2   0.000e+00       2   0.000e+00
     281       2   0.000e+00       2   0.000e+00
     282       2   0.000e+00       2   0.000e+00
     283       2   0.000e+00       2   0.000e+00
     284       2   0.000e+00       2   0.000e+00
     285       2   0.000e+00       2   0.000e+00
     286       2   0.000e+00       2   0.000e+00
     287       2   0.000e+00       2   0.000e+00
     288       2   0.000e+00       2   0.000e+00
     289       2   0.000e+00       2   0.000e+00
     290       2   0.000e+00       2   0.000e+00
     291       2   0.000e+00       2   0.000e+00
     292       2   0.000e+00       2   0.000e+00
     293       2   0.000e+00       2   0.000e+00
     294       1   0.000e+00       1   0.000e+00
     295       1   0.000e+00       1   0.000e+00
     296       2   0.000e+00       2   0.000e+00
     297       2   0.000e+00       2   0.000e+00
     298       2   0.000e+00       2   0.000e+00
     299       2   0.000e+00       2   0.000e+00
     300       2   0.000e+00       2   0.000e+00
     301       2   0.000e+00       2   0.000e+00
     302       2   0.000e+00       2   0.000e+00
     303       2   0.000e+00       2   0.000e+00
     304       2   0.000e+00       2   0.000e+00
     305       2   0.000e+00       2   0.000e+00
     306       2   0.000e+00       2   0.000e+00
     307       2   0.000e+00       2   0.000e+00
     308       2   0.000e+00       2   0.000e+00
     309       2   0.000e+00       2   0.000e+00
     310       2   0.000e+00       2   0.000e+00
     311       2   0.000e+00       2   0.000e+00
     312       2   0.000e+00       2   0.000e+00
     313       2   0.000e+00       2   0.000e+00
     314       2   0.000e+00       2   0.000e+00
     315       1   0.000e+00       1   0.000e+00
     316       1   0.000e+00       1   0.000e+00
     317       2   0.000e+00       2   0.000e+00
     318       2   0.000e+00       2   0.000e+00
     319       2   0.000e+00       2   0.000e+00
     320       2   0.000e+00       2   0.000e+00
     321       2   0.000e+00       2   0.000e+00
     322       2   0.000e+00       2   0.000e+00
     323       2   0.000e+00       2   0.000e+00
     324       2   0.000e+00       2   0.000e+00
     325       2   0.000e+00       2   0.000e+00
     326       2   0.000e+00       2   0.000e+00
     327       2   0.000e+00       2   0.000e+00
     328       2   0.000e+00       2   0.000e+00
     329       2   0.000e+00       2   0.000e+00
     330       2   0.000e+00       2   0.000e+00
     331       2   0.000e+00       2   0.000e+00
     332       2   0.000e+00       2   0.000e+00
     333       2   0.000e+00       2   0.000e+00
     334       2   0.000e+00       2   0.000e+00
     335       2   0.000e+00       2   0.000e+00
     336       1   0.000e+00       1   0.000e+00
     337       1   0.000e+00       1   0.000e+00
     338       2   0.000e+00       2   0.000e+00
     339       2   0.000e+00       2   0.000e+00
     340       2   0.000e+00       2   0.000e+00
     341       2   0.000e+00       2   0.000e+00
     342       2   0.000e+00       2   0.000e+00
     343       2   0.000e+00       2   0.000e+00
     344       2   0.000e+00       2   0.000e+00
     345       2   0.000e+00       2   0.000e+00
     346       2   0.000e+00       2   0.000e+00
     347       2   0.000e+00       2   0.000e+00
     348       2   0.000e+00       2   0.000e+00
     349       2   0.000e+00       2   0.000e+00
     350       2   0.000e+00       2   0.000e+00
     351       2   0.000e+00       2   0.000e+00
     352       2   0.000e+00       2   0.000e+00
     353       2   0.000e+00       2   0.000e+00
     354       2   0.000e+00       2   0.000e+00
     355       2   0.000e+00       2   0.000e+00
     356       2   0.000e+00       2   0.000e+00
     357       1   0.000e+00       1   0.000e+00
     358       1   0.000e+00       1   0.000e+00
     359       2   0.000e+00       2   0.000e+00
     360       2   0.000e+00       2   0.000e+00
     361       2   0.000e+00       2   0.000e+00
     362       2   0.000e+00       2   0.000e+00
     363       2   0.000e+00       2   0.000e+00
     364       2   0.000e+00       2   0.000e+00
     365       2   0.000e+00       2   0.000e+00
     366       2   0.000e+00       2   0.000e+00
     367       2   0.000e+00       2   0.000e+00
     368       2   0.000e+00       2   0.000e+00
     369       2   0.000e+00       2   0.000e+00
     370       2   0.000e+00       2   0.000e+00
     371       2   0.000e+00       2   0.000e+00
     372       2   0.000e+00       2   0.000e+00
     373       2   0.000e+00       2   0.000e+00
     374       2   0.000e+00       2   0.000e+00
     375       2   0.000e+00       2   0.000e+00
     376       2   0.000e+00       2   0.000e+00
     377       2   0.000e+00       2   0.000e+00
     378       1   0.000e+00       1   0.000e+00
     379       1   0.000e+00       1   0.000e+00
     380       2   0.000e+00       2   0.000e+00
     381       2   0.000e+00       2   0.000e+00
     382       2   0.000e+00       2   0.000e+00
     383       2   0.000e+00       2   0.000e+00
     384       2   0.000e+00       2   0.000e+00
     385       2   0.000e+00       2   0.000e+00
     386       2   0.000e+00       2   0.000e+00
     387       2   0.000e+00       2   0.000e+00
     388       2   0.000e+00       2   0.000e+00
     389       2   0.000e+00       2   0.000e+00
     390       2   0.000e+00       2   0.000e+00
     391       2   0.000e+00       2   0.000e+00
     392       2   0.000e+00       2   0.000e+00
     393       2   0.000e+00       2   0.000e+00
     394       2   0.000e+00       2   0.000e+00
     395       2   0.000e+00       2   0.000e+00
     396       2   0.000e+00       2   0.000e+00
     397       2   0.000e+00       2   0.000e+00
     398       2   0.000e+00       2   0.000e+00
     399       1   0.000e+00       1   0.000e+00
     400       1   0.000e+00       1   0.000e+00
     401       2   0.000e+00       2   0.000e+00
     402       2   0.000e+00       2   0.000e+00
     403       2   0.000e+00       2   0.000e+00
     404       2   0.000e+00       2   0.000e+00
     405       2   0.000e+00       2   0.000e+00
     406       2   0.000e+00       2   0.000e+00
     407       2   0.000e+00       2   0.000e+00
     408       2   0.000e+00       2   0.000e+00
     409       2   0.000e+00       2   0.000e+00
     410       2   0.000e+00       2   0.000e+00
     411       2   0.000e+00       2   0.000e+00
     412       2   0.000e+00       2   0.000e+00
     413       2   0.000e+00       2   0.000e+00
     414       2   0.000e+00       2   0.000e+00
     415       2   0.000e+00       2   0.000e+00
     416       2   0.000e+00       2   0.000e+00
     417       2   0.000e+00       2   0.000e+00
     418       2   0.000e+00       2   0.000e+00
     419       2   0.000e+00       2   0.000e+00
     420       1   0.000e+00       1   0.000e+00
     421       1   0.000e+00       1   0.000e+00
     422       2   0.000e+00       2   0.000e+00
     423       2   0.000e+00       2   0.000e+00
     424       2   0.000e+00       2   0.000e+00
     425       2   0.000e+00       2   0.000e+00
     426       2   0.000e+00       2   0.000e+00
     427       2   0.000e+00       2   0.000e+00
     428       2   0.000e+00       2   0.000e+00
     429       2   0.000e+00       2   0.000e+00
     430       2   0.000e+00       2   0.000e+00
     431       2   0.000e+00       2   0.000e+00
     432       2   0.000e+00       2   0.000e+00
     433       2   0.000e+00       2   0.000e+00
     434       2   0.000e+00       2   0.000e+00
     435       2   0.000e+00       2   0.000e+00
     436       2   0.000e+00       2   0.000e+00
     437       2   0.000e+00       2   0.000e+00
     438       2   0.000e+00       2   0.000e+00
     439       2   0.000e+00       2   0.000e+00
     440       2   0.000e+00       2   0.000e+00
     441       1   0.000e+00       1   0.000e+00
# Traction:
      20      ! the number of edge which is applied traction
       1     421     422
       2     422     423
       3     423     424
       4     424     425
       5     425     426
       6     426     427
       7     427     428
       8     428     429
       9     429     430
      10     430     431
      11     431     432
      12     432     433
      13     433     434
      14     434     435
      15     435     436
      16     436     437
      17     437     438
      18     438     439
      19     439     440
      20     440     441
# End of file
