A Plate with Applied Pressure Loads                  26-FEB-15
Plane stress
      32        81                     ! No. of Elements, No. of Nodes
      3.e7       0.3 		       ! Young's Modulus, Poisson's Ratio
# Nodes:
       1   	  0.e0	  0.e0
       2   	  0.25e0 0.0625e0
       3   	  0.5e0  0.125e0
       4   	  0.75e0 0.1875e0
       5   	  1.e0	  0.25e0
       6   	  1.25e0 0.3125e0
       7   	  1.5e0  0.375e0
       8   	  1.75e0 0.4375e0
       9   	  2.e0   0.5e0
       10       0.e0	  0.125e0
       11       0.25e0 0.1796875e0
       12       0.5e0  0.234375e0
       13       0.75e0 0.2890625e0
       14       1.e0	  0.34375e0
       15       1.25e0 0.3984375e0
       16       1.5e0  0.453125e0
       17       1.75e0 0.5078125e0
       18       2.e0   0.5625e0
       19       0.e0	  0.25e0
       20       0.25e0 0.296875e0
       21       0.5e0  0.34375e0
       22       0.75e0 0.390625e0
       23       1.e0   0.4375e0
       24       1.25e0 0.484375e0
       25       1.5e0  0.53125e0
       26       1.75e0 0.578125e0
       27       2.e0   0.625e0
       28       0.e0   0.375e0
       29       0.25e0 0.4140625e0
       30       0.5e0  0.453125e0
       31       0.750e0 0.4921875e0
       32       1.e0   0.53125e0
       33       1.25e0 0.5703125e0
       34       1.5e0  0.609375e0
       35       1.75e0 0.6484375e0
       36       2.e0   0.6875e0
       37       0.e0   0.5e0
       38       0.25e0 0.531250e0
       39       0.5e0  0.5625e0
       40       0.75e0 0.59375e0
       41       1.e0   0.625e0
       42       1.25e0 0.65625e0
       43       1.5e0  0.6875e0
       44       1.75e0 0.71875e0
       45       2.e0   0.75e0
       46       0.e0   0.625e0
       47       0.25e0 0.6484375e0
       48       0.5e0  0.671875e0
       49       0.75e0 0.6953125e0
       50       1.e0   0.71875e0
       51       1.25e0 0.7421875e0
       52       1.5e0  0.765625e0
       53       1.75e0 0.7890625e0
       54       2.e0   0.8125e0
       55       0.e0   0.75e0
       56       0.25e0 0.7656250e0
       57       0.5e0  0.78125e0
       58       0.75e0 0.796875e0
       59       1.e0   0.8125e0
       60       1.25e0 0.828125e0
       61       1.5e0  0.84375e0
       62       1.75e0 0.859375e0
       63       2.e0   0.875e0
       64       0.e0   0.875e0
       65       0.25e0 0.8828125e0
       66       0.5e0  0.890625e0
       67       0.75e0 0.8984375e0
       68       1.e0   0.90625e0
       69       1.25e0 0.9140625e0
       70       1.5e0  0.921875e0
       71       1.75e0 0.9296875e0
       72       2.e0   0.9375e0
       73       0.e0   1.e0
       74       0.25e0 1.e0
       75       0.5e0  1.e0
       76       0.75e0 1.e0
       77       1.e0   1.e0
       78       1.25e0 1.e0
       79       1.5e0  1.e0
       80       1.75e0 1.e0
       81       2.e0   1.e0
# Element Connectivity:
       1         1   21     19     11     20     10
       2         1   3      21     2      12     11
       3         3   23     21     13     22     12
       4         3   5      23     4      14     13
       5         5   25     23     15     24     14
       6         5   7      25     6      16     15
       7         7   27     25     17     26     16
       8         7   9      27     8      18     17
       9         19  39     37     29     38     28
       10        19  21     39     20     30     29
       11        21  41     39     31     40     30
       12        21  23     41     22     32     31
       13        23  43     41     33     42     32
       14        23  25     43     24     34     33
       15        25  45     43     35     44     34
       16        25  27     45     26     36     35
       17        37  57     55     47     56     46
       18        37  39     57     38     48     47
       19        39  59     57     49     58     48
       20        39  41     59     40     50     49
       21        41  61     59     51     60     50
       22        41  43     61     42     52     51
       23        43  63     61     53     62     52
       24        43  45     63     44     54     53
       25        55  75     73     65     74     64
       26        55  57     75     56     66     65
       27        57  77     75     67     76     66
       28        57  59     77     58     68     67
       29        59  79     77     69     78     68
       30        59  61     79     60     70     69
       31        61  81     79     71     80     70
       32        61  63     81     62     72     71
# Boundary conditions:
       1   	  1    0.e0	  1    0.e0
       2   	  1    0.e0     1    0.e0
       3   	  1    0.e0	  1    0.e0
       4   	  1    0.e0	  1    0.e0
       5   	  1    0.e0	  1    0.e0
       6   	  1    0.e0	  1    0.e0
       7   	  1    0.e0	  1    0.e0
       8   	  1    0.e0	  1    0.e0
       9   	  1    0.e0	  1    0.e0
       10       1    0.e0	  1    0.e0
       11       2    0.e0	  2    0.e0
       12       2    0.e0	  2    0.e0
       13       2    0.e0	  2    0.e0
       14       2    0.e0	  2    0.e0
       15       2    0.e0	  2    0.e0
       16       2    0.e0	  2    0.e0
       17       2    0.e0	  2    0.e0
       18       1    0.e0	  1    0.e0
       19       1    0.e0	  1    0.e0
       20       2    0.e0	  2    0.e0
       21       2    0.e0	  2    0.e0
       22       2    0.e0	  2    0.e0
       23       2    0.e0	  2    0.e0
       24       2    0.e0	  2    0.e0
       25       2    0.e0	  2    0.e0
       26       2    0.e0	  2    0.e0
       27       1    0.e0	  1    0.e0
       28       1    0.e0	  1    0.e0
       29       2    0.e0	  2    0.e0
       30       2    0.e0	  2    0.e0
       31       2    0.e0	  2    0.e0
       32       2    0.e0	  2    0.e0
       33       2    0.e0	  2    0.e0
       34       2    0.e0	  2    0.e0
       35       2    0.e0	  2    0.e0
       36       1    0.e0	  1    0.e0
       37       1    0.e0	  1    0.e0
       38       2    0.e0	  2    0.e0
       39       2    0.e0	  2    0.e0
       40       2    0.e0	  2    0.e0
       41       2    0.e0	  2    0.e0
       42       2    0.e0	  2    0.e0
       43       2    0.e0	  2    0.e0
       44       2    0.e0	  2    0.e0
       45       1    0.e0	  1    0.e0
       46       1    0.e0	  1    0.e0
       47       2    0.e0	  2    0.e0
       48       2    0.e0	  2    0.e0
       49       2    0.e0	  2    0.e0
       50       2    0.e0	  2    0.e0
       51       2    0.e0	  2    0.e0
       52       2    0.e0	  2    0.e0
       53       2    0.e0	  2    0.e0
       54       1    0.e0	  1    0.e0
       55       1    0.e0	  1    0.e0
       56       2    0.e0	  2    0.e0
       57       2    0.e0	  2    0.e0
       58       2    0.e0	  2    0.e0
       59       2    0.e0	  2    0.e0
       60       2    0.e0	  2    0.e0
       61       2    0.e0	  2    0.e0
       62       2    0.e0	  2    0.e0
       63       1    0.e0	  1    0.e0
       64       1    0.e0	  1    0.e0
       65       1    0.e0	  1    0.e0
       66       2    0.e0	  2    0.e0
       67       2    0.e0	  2    0.e0
       68       2    0.e0	  2    0.e0
       69       2    0.e0	  2    0.e0
       70       2    0.e0	  2    0.e0
       71       2    0.e0	  2    0.e0
       72       1    0.e0	  1    0.e0
       73       1    0.e0	  1    0.e0
       74       2    0.e0	  2    0.e0
       75       2    0.e0	  2    0.e0
       76       2    0.e0	  2    0.e0
       77       2    0.e0	  2    0.e0
       78       2    0.e0	  2    0.e0
       79       2    0.e0	  2    0.e0
       80       2    0.e0	  2    0.e0
       81       1    0.e0	  1    0.e0
# Traction:
       4      ! the number of edge which is applied traction
       1      73     74     75     
       2      75     76     77     
       3      77     78     79     
       4      79     80     81     
# End of file