A Plate with Applied Pressure Loads                  27-May-25
Plane stress
     256     833                     ! No. of Elements, No. of Nodes
   3.0e+07     0.3               ! Young's Modulus, Poisson's Ratio
# Nodes:
       1  0.00000000e+00  0.00000000e+00
       2  6.25000000e-02  1.56250000e-02
       3  1.25000000e-01  3.12500000e-02
       4  1.87500000e-01  4.68750000e-02
       5  2.50000000e-01  6.25000000e-02
       6  3.12500000e-01  7.81250000e-02
       7  3.75000000e-01  9.37500000e-02
       8  4.37500000e-01  1.09375000e-01
       9  5.00000000e-01  1.25000000e-01
      10  5.62500000e-01  1.40625000e-01
      11  6.25000000e-01  1.56250000e-01
      12  6.87500000e-01  1.71875000e-01
      13  7.50000000e-01  1.87500000e-01
      14  8.12500000e-01  2.03125000e-01
      15  8.75000000e-01  2.18750000e-01
      16  9.37500000e-01  2.34375000e-01
      17  1.00000000e+00  2.50000000e-01
      18  1.06250000e+00  2.65625000e-01
      19  1.12500000e+00  2.81250000e-01
      20  1.18750000e+00  2.96875000e-01
      21  1.25000000e+00  3.12500000e-01
      22  1.31250000e+00  3.28125000e-01
      23  1.37500000e+00  3.43750000e-01
      24  1.43750000e+00  3.59375000e-01
      25  1.50000000e+00  3.75000000e-01
      26  1.56250000e+00  3.90625000e-01
      27  1.62500000e+00  4.06250000e-01
      28  1.68750000e+00  4.21875000e-01
      29  1.75000000e+00  4.37500000e-01
      30  1.81250000e+00  4.53125000e-01
      31  1.87500000e+00  4.68750000e-01
      32  1.93750000e+00  4.84375000e-01
      33  2.00000000e+00  5.00000000e-01
      34  0.00000000e+00  3.12500000e-02
      35  1.25000000e-01  6.15234375e-02
      36  2.50000000e-01  9.17968750e-02
      37  3.75000000e-01  1.22070312e-01
      38  5.00000000e-01  1.52343750e-01
      39  6.25000000e-01  1.82617188e-01
      40  7.50000000e-01  2.12890625e-01
      41  8.75000000e-01  2.43164062e-01
      42  1.00000000e+00  2.73437500e-01
      43  1.12500000e+00  3.03710938e-01
      44  1.25000000e+00  3.33984375e-01
      45  1.37500000e+00  3.64257812e-01
      46  1.50000000e+00  3.94531250e-01
      47  1.62500000e+00  4.24804688e-01
      48  1.75000000e+00  4.55078125e-01
      49  1.87500000e+00  4.85351562e-01
      50  2.00000000e+00  5.15625000e-01
      51  0.00000000e+00  6.25000000e-02
      52  6.25000000e-02  7.71484375e-02
      53  1.25000000e-01  9.17968750e-02
      54  1.87500000e-01  1.06445312e-01
      55  2.50000000e-01  1.21093750e-01
      56  3.12500000e-01  1.35742188e-01
      57  3.75000000e-01  1.50390625e-01
      58  4.37500000e-01  1.65039062e-01
      59  5.00000000e-01  1.79687500e-01
      60  5.62500000e-01  1.94335938e-01
      61  6.25000000e-01  2.08984375e-01
      62  6.87500000e-01  2.23632812e-01
      63  7.50000000e-01  2.38281250e-01
      64  8.12500000e-01  2.52929688e-01
      65  8.75000000e-01  2.67578125e-01
      66  9.37500000e-01  2.82226562e-01
      67  1.00000000e+00  2.96875000e-01
      68  1.06250000e+00  3.11523438e-01
      69  1.12500000e+00  3.26171875e-01
      70  1.18750000e+00  3.40820312e-01
      71  1.25000000e+00  3.55468750e-01
      72  1.31250000e+00  3.70117188e-01
      73  1.37500000e+00  3.84765625e-01
      74  1.43750000e+00  3.99414062e-01
      75  1.50000000e+00  4.14062500e-01
      76  1.56250000e+00  4.28710938e-01
      77  1.62500000e+00  4.43359375e-01
      78  1.68750000e+00  4.58007812e-01
      79  1.75000000e+00  4.72656250e-01
      80  1.81250000e+00  4.87304688e-01
      81  1.87500000e+00  5.01953125e-01
      82  1.93750000e+00  5.16601562e-01
      83  2.00000000e+00  5.31250000e-01
      84  0.00000000e+00  9.37500000e-02
      85  1.25000000e-01  1.22070312e-01
      86  2.50000000e-01  1.50390625e-01
      87  3.75000000e-01  1.78710938e-01
      88  5.00000000e-01  2.07031250e-01
      89  6.25000000e-01  2.35351562e-01
      90  7.50000000e-01  2.63671875e-01
      91  8.75000000e-01  2.91992188e-01
      92  1.00000000e+00  3.20312500e-01
      93  1.12500000e+00  3.48632812e-01
      94  1.25000000e+00  3.76953125e-01
      95  1.37500000e+00  4.05273438e-01
      96  1.50000000e+00  4.33593750e-01
      97  1.62500000e+00  4.61914062e-01
      98  1.75000000e+00  4.90234375e-01
      99  1.87500000e+00  5.18554688e-01
     100  2.00000000e+00  5.46875000e-01
     101  0.00000000e+00  1.25000000e-01
     102  6.25000000e-02  1.38671875e-01
     103  1.25000000e-01  1.52343750e-01
     104  1.87500000e-01  1.66015625e-01
     105  2.50000000e-01  1.79687500e-01
     106  3.12500000e-01  1.93359375e-01
     107  3.75000000e-01  2.07031250e-01
     108  4.37500000e-01  2.20703125e-01
     109  5.00000000e-01  2.34375000e-01
     110  5.62500000e-01  2.48046875e-01
     111  6.25000000e-01  2.61718750e-01
     112  6.87500000e-01  2.75390625e-01
     113  7.50000000e-01  2.89062500e-01
     114  8.12500000e-01  3.02734375e-01
     115  8.75000000e-01  3.16406250e-01
     116  9.37500000e-01  3.30078125e-01
     117  1.00000000e+00  3.43750000e-01
     118  1.06250000e+00  3.57421875e-01
     119  1.12500000e+00  3.71093750e-01
     120  1.18750000e+00  3.84765625e-01
     121  1.25000000e+00  3.98437500e-01
     122  1.31250000e+00  4.12109375e-01
     123  1.37500000e+00  4.25781250e-01
     124  1.43750000e+00  4.39453125e-01
     125  1.50000000e+00  4.53125000e-01
     126  1.56250000e+00  4.66796875e-01
     127  1.62500000e+00  4.80468750e-01
     128  1.68750000e+00  4.94140625e-01
     129  1.75000000e+00  5.07812500e-01
     130  1.81250000e+00  5.21484375e-01
     131  1.87500000e+00  5.35156250e-01
     132  1.93750000e+00  5.48828125e-01
     133  2.00000000e+00  5.62500000e-01
     134  0.00000000e+00  1.56250000e-01
     135  1.25000000e-01  1.82617188e-01
     136  2.50000000e-01  2.08984375e-01
     137  3.75000000e-01  2.35351562e-01
     138  5.00000000e-01  2.61718750e-01
     139  6.25000000e-01  2.88085938e-01
     140  7.50000000e-01  3.14453125e-01
     141  8.75000000e-01  3.40820312e-01
     142  1.00000000e+00  3.67187500e-01
     143  1.12500000e+00  3.93554688e-01
     144  1.25000000e+00  4.19921875e-01
     145  1.37500000e+00  4.46289062e-01
     146  1.50000000e+00  4.72656250e-01
     147  1.62500000e+00  4.99023438e-01
     148  1.75000000e+00  5.25390625e-01
     149  1.87500000e+00  5.51757812e-01
     150  2.00000000e+00  5.78125000e-01
     151  0.00000000e+00  1.87500000e-01
     152  6.25000000e-02  2.00195312e-01
     153  1.25000000e-01  2.12890625e-01
     154  1.87500000e-01  2.25585938e-01
     155  2.50000000e-01  2.38281250e-01
     156  3.12500000e-01  2.50976562e-01
     157  3.75000000e-01  2.63671875e-01
     158  4.37500000e-01  2.76367188e-01
     159  5.00000000e-01  2.89062500e-01
     160  5.62500000e-01  3.01757812e-01
     161  6.25000000e-01  3.14453125e-01
     162  6.87500000e-01  3.27148438e-01
     163  7.50000000e-01  3.39843750e-01
     164  8.12500000e-01  3.52539062e-01
     165  8.75000000e-01  3.65234375e-01
     166  9.37500000e-01  3.77929688e-01
     167  1.00000000e+00  3.90625000e-01
     168  1.06250000e+00  4.03320312e-01
     169  1.12500000e+00  4.16015625e-01
     170  1.18750000e+00  4.28710938e-01
     171  1.25000000e+00  4.41406250e-01
     172  1.31250000e+00  4.54101562e-01
     173  1.37500000e+00  4.66796875e-01
     174  1.43750000e+00  4.79492188e-01
     175  1.50000000e+00  4.92187500e-01
     176  1.56250000e+00  5.04882812e-01
     177  1.62500000e+00  5.17578125e-01
     178  1.68750000e+00  5.30273438e-01
     179  1.75000000e+00  5.42968750e-01
     180  1.81250000e+00  5.55664062e-01
     181  1.87500000e+00  5.68359375e-01
     182  1.93750000e+00  5.81054688e-01
     183  2.00000000e+00  5.93750000e-01
     184  0.00000000e+00  2.18750000e-01
     185  1.25000000e-01  2.43164062e-01
     186  2.50000000e-01  2.67578125e-01
     187  3.75000000e-01  2.91992188e-01
     188  5.00000000e-01  3.16406250e-01
     189  6.25000000e-01  3.40820312e-01
     190  7.50000000e-01  3.65234375e-01
     191  8.75000000e-01  3.89648438e-01
     192  1.00000000e+00  4.14062500e-01
     193  1.12500000e+00  4.38476562e-01
     194  1.25000000e+00  4.62890625e-01
     195  1.37500000e+00  4.87304688e-01
     196  1.50000000e+00  5.11718750e-01
     197  1.62500000e+00  5.36132812e-01
     198  1.75000000e+00  5.60546875e-01
     199  1.87500000e+00  5.84960938e-01
     200  2.00000000e+00  6.09375000e-01
     201  0.00000000e+00  2.50000000e-01
     202  6.25000000e-02  2.61718750e-01
     203  1.25000000e-01  2.73437500e-01
     204  1.87500000e-01  2.85156250e-01
     205  2.50000000e-01  2.96875000e-01
     206  3.12500000e-01  3.08593750e-01
     207  3.75000000e-01  3.20312500e-01
     208  4.37500000e-01  3.32031250e-01
     209  5.00000000e-01  3.43750000e-01
     210  5.62500000e-01  3.55468750e-01
     211  6.25000000e-01  3.67187500e-01
     212  6.87500000e-01  3.78906250e-01
     213  7.50000000e-01  3.90625000e-01
     214  8.12500000e-01  4.02343750e-01
     215  8.75000000e-01  4.14062500e-01
     216  9.37500000e-01  4.25781250e-01
     217  1.00000000e+00  4.37500000e-01
     218  1.06250000e+00  4.49218750e-01
     219  1.12500000e+00  4.60937500e-01
     220  1.18750000e+00  4.72656250e-01
     221  1.25000000e+00  4.84375000e-01
     222  1.31250000e+00  4.96093750e-01
     223  1.37500000e+00  5.07812500e-01
     224  1.43750000e+00  5.19531250e-01
     225  1.50000000e+00  5.31250000e-01
     226  1.56250000e+00  5.42968750e-01
     227  1.62500000e+00  5.54687500e-01
     228  1.68750000e+00  5.66406250e-01
     229  1.75000000e+00  5.78125000e-01
     230  1.81250000e+00  5.89843750e-01
     231  1.87500000e+00  6.01562500e-01
     232  1.93750000e+00  6.13281250e-01
     233  2.00000000e+00  6.25000000e-01
     234  0.00000000e+00  2.81250000e-01
     235  1.25000000e-01  3.03710938e-01
     236  2.50000000e-01  3.26171875e-01
     237  3.75000000e-01  3.48632812e-01
     238  5.00000000e-01  3.71093750e-01
     239  6.25000000e-01  3.93554688e-01
     240  7.50000000e-01  4.16015625e-01
     241  8.75000000e-01  4.38476562e-01
     242  1.00000000e+00  4.60937500e-01
     243  1.12500000e+00  4.83398438e-01
     244  1.25000000e+00  5.05859375e-01
     245  1.37500000e+00  5.28320312e-01
     246  1.50000000e+00  5.50781250e-01
     247  1.62500000e+00  5.73242188e-01
     248  1.75000000e+00  5.95703125e-01
     249  1.87500000e+00  6.18164062e-01
     250  2.00000000e+00  6.40625000e-01
     251  0.00000000e+00  3.12500000e-01
     252  6.25000000e-02  3.23242188e-01
     253  1.25000000e-01  3.33984375e-01
     254  1.87500000e-01  3.44726562e-01
     255  2.50000000e-01  3.55468750e-01
     256  3.12500000e-01  3.66210938e-01
     257  3.75000000e-01  3.76953125e-01
     258  4.37500000e-01  3.87695312e-01
     259  5.00000000e-01  3.98437500e-01
     260  5.62500000e-01  4.09179688e-01
     261  6.25000000e-01  4.19921875e-01
     262  6.87500000e-01  4.30664062e-01
     263  7.50000000e-01  4.41406250e-01
     264  8.12500000e-01  4.52148438e-01
     265  8.75000000e-01  4.62890625e-01
     266  9.37500000e-01  4.73632812e-01
     267  1.00000000e+00  4.84375000e-01
     268  1.06250000e+00  4.95117188e-01
     269  1.12500000e+00  5.05859375e-01
     270  1.18750000e+00  5.16601562e-01
     271  1.25000000e+00  5.27343750e-01
     272  1.31250000e+00  5.38085938e-01
     273  1.37500000e+00  5.48828125e-01
     274  1.43750000e+00  5.59570312e-01
     275  1.50000000e+00  5.70312500e-01
     276  1.56250000e+00  5.81054688e-01
     277  1.62500000e+00  5.91796875e-01
     278  1.68750000e+00  6.02539062e-01
     279  1.75000000e+00  6.13281250e-01
     280  1.81250000e+00  6.24023438e-01
     281  1.87500000e+00  6.34765625e-01
     282  1.93750000e+00  6.45507812e-01
     283  2.00000000e+00  6.56250000e-01
     284  0.00000000e+00  3.43750000e-01
     285  1.25000000e-01  3.64257812e-01
     286  2.50000000e-01  3.84765625e-01
     287  3.75000000e-01  4.05273438e-01
     288  5.00000000e-01  4.25781250e-01
     289  6.25000000e-01  4.46289062e-01
     290  7.50000000e-01  4.66796875e-01
     291  8.75000000e-01  4.87304688e-01
     292  1.00000000e+00  5.07812500e-01
     293  1.12500000e+00  5.28320312e-01
     294  1.25000000e+00  5.48828125e-01
     295  1.37500000e+00  5.69335938e-01
     296  1.50000000e+00  5.89843750e-01
     297  1.62500000e+00  6.10351562e-01
     298  1.75000000e+00  6.30859375e-01
     299  1.87500000e+00  6.51367188e-01
     300  2.00000000e+00  6.71875000e-01
     301  0.00000000e+00  3.75000000e-01
     302  6.25000000e-02  3.84765625e-01
     303  1.25000000e-01  3.94531250e-01
     304  1.87500000e-01  4.04296875e-01
     305  2.50000000e-01  4.14062500e-01
     306  3.12500000e-01  4.23828125e-01
     307  3.75000000e-01  4.33593750e-01
     308  4.37500000e-01  4.43359375e-01
     309  5.00000000e-01  4.53125000e-01
     310  5.62500000e-01  4.62890625e-01
     311  6.25000000e-01  4.72656250e-01
     312  6.87500000e-01  4.82421875e-01
     313  7.50000000e-01  4.92187500e-01
     314  8.12500000e-01  5.01953125e-01
     315  8.75000000e-01  5.11718750e-01
     316  9.37500000e-01  5.21484375e-01
     317  1.00000000e+00  5.31250000e-01
     318  1.06250000e+00  5.41015625e-01
     319  1.12500000e+00  5.50781250e-01
     320  1.18750000e+00  5.60546875e-01
     321  1.25000000e+00  5.70312500e-01
     322  1.31250000e+00  5.80078125e-01
     323  1.37500000e+00  5.89843750e-01
     324  1.43750000e+00  5.99609375e-01
     325  1.50000000e+00  6.09375000e-01
     326  1.56250000e+00  6.19140625e-01
     327  1.62500000e+00  6.28906250e-01
     328  1.68750000e+00  6.38671875e-01
     329  1.75000000e+00  6.48437500e-01
     330  1.81250000e+00  6.58203125e-01
     331  1.87500000e+00  6.67968750e-01
     332  1.93750000e+00  6.77734375e-01
     333  2.00000000e+00  6.87500000e-01
     334  0.00000000e+00  4.06250000e-01
     335  1.25000000e-01  4.24804688e-01
     336  2.50000000e-01  4.43359375e-01
     337  3.75000000e-01  4.61914062e-01
     338  5.00000000e-01  4.80468750e-01
     339  6.25000000e-01  4.99023438e-01
     340  7.50000000e-01  5.17578125e-01
     341  8.75000000e-01  5.36132812e-01
     342  1.00000000e+00  5.54687500e-01
     343  1.12500000e+00  5.73242188e-01
     344  1.25000000e+00  5.91796875e-01
     345  1.37500000e+00  6.10351562e-01
     346  1.50000000e+00  6.28906250e-01
     347  1.62500000e+00  6.47460938e-01
     348  1.75000000e+00  6.66015625e-01
     349  1.87500000e+00  6.84570312e-01
     350  2.00000000e+00  7.03125000e-01
     351  0.00000000e+00  4.37500000e-01
     352  6.25000000e-02  4.46289062e-01
     353  1.25000000e-01  4.55078125e-01
     354  1.87500000e-01  4.63867188e-01
     355  2.50000000e-01  4.72656250e-01
     356  3.12500000e-01  4.81445312e-01
     357  3.75000000e-01  4.90234375e-01
     358  4.37500000e-01  4.99023438e-01
     359  5.00000000e-01  5.07812500e-01
     360  5.62500000e-01  5.16601562e-01
     361  6.25000000e-01  5.25390625e-01
     362  6.87500000e-01  5.34179688e-01
     363  7.50000000e-01  5.42968750e-01
     364  8.12500000e-01  5.51757812e-01
     365  8.75000000e-01  5.60546875e-01
     366  9.37500000e-01  5.69335938e-01
     367  1.00000000e+00  5.78125000e-01
     368  1.06250000e+00  5.86914062e-01
     369  1.12500000e+00  5.95703125e-01
     370  1.18750000e+00  6.04492188e-01
     371  1.25000000e+00  6.13281250e-01
     372  1.31250000e+00  6.22070312e-01
     373  1.37500000e+00  6.30859375e-01
     374  1.43750000e+00  6.39648438e-01
     375  1.50000000e+00  6.48437500e-01
     376  1.56250000e+00  6.57226562e-01
     377  1.62500000e+00  6.66015625e-01
     378  1.68750000e+00  6.74804688e-01
     379  1.75000000e+00  6.83593750e-01
     380  1.81250000e+00  6.92382812e-01
     381  1.87500000e+00  7.01171875e-01
     382  1.93750000e+00  7.09960938e-01
     383  2.00000000e+00  7.18750000e-01
     384  0.00000000e+00  4.68750000e-01
     385  1.25000000e-01  4.85351562e-01
     386  2.50000000e-01  5.01953125e-01
     387  3.75000000e-01  5.18554688e-01
     388  5.00000000e-01  5.35156250e-01
     389  6.25000000e-01  5.51757812e-01
     390  7.50000000e-01  5.68359375e-01
     391  8.75000000e-01  5.84960938e-01
     392  1.00000000e+00  6.01562500e-01
     393  1.12500000e+00  6.18164062e-01
     394  1.25000000e+00  6.34765625e-01
     395  1.37500000e+00  6.51367188e-01
     396  1.50000000e+00  6.67968750e-01
     397  1.62500000e+00  6.84570312e-01
     398  1.75000000e+00  7.01171875e-01
     399  1.87500000e+00  7.17773438e-01
     400  2.00000000e+00  7.34375000e-01
     401  0.00000000e+00  5.00000000e-01
     402  6.25000000e-02  5.07812500e-01
     403  1.25000000e-01  5.15625000e-01
     404  1.87500000e-01  5.23437500e-01
     405  2.50000000e-01  5.31250000e-01
     406  3.12500000e-01  5.39062500e-01
     407  3.75000000e-01  5.46875000e-01
     408  4.37500000e-01  5.54687500e-01
     409  5.00000000e-01  5.62500000e-01
     410  5.62500000e-01  5.70312500e-01
     411  6.25000000e-01  5.78125000e-01
     412  6.87500000e-01  5.85937500e-01
     413  7.50000000e-01  5.93750000e-01
     414  8.12500000e-01  6.01562500e-01
     415  8.75000000e-01  6.09375000e-01
     416  9.37500000e-01  6.17187500e-01
     417  1.00000000e+00  6.25000000e-01
     418  1.06250000e+00  6.32812500e-01
     419  1.12500000e+00  6.40625000e-01
     420  1.18750000e+00  6.48437500e-01
     421  1.25000000e+00  6.56250000e-01
     422  1.31250000e+00  6.64062500e-01
     423  1.37500000e+00  6.71875000e-01
     424  1.43750000e+00  6.79687500e-01
     425  1.50000000e+00  6.87500000e-01
     426  1.56250000e+00  6.95312500e-01
     427  1.62500000e+00  7.03125000e-01
     428  1.68750000e+00  7.10937500e-01
     429  1.75000000e+00  7.18750000e-01
     430  1.81250000e+00  7.26562500e-01
     431  1.87500000e+00  7.34375000e-01
     432  1.93750000e+00  7.42187500e-01
     433  2.00000000e+00  7.50000000e-01
     434  0.00000000e+00  5.31250000e-01
     435  1.25000000e-01  5.45898438e-01
     436  2.50000000e-01  5.60546875e-01
     437  3.75000000e-01  5.75195312e-01
     438  5.00000000e-01  5.89843750e-01
     439  6.25000000e-01  6.04492188e-01
     440  7.50000000e-01  6.19140625e-01
     441  8.75000000e-01  6.33789062e-01
     442  1.00000000e+00  6.48437500e-01
     443  1.12500000e+00  6.63085938e-01
     444  1.25000000e+00  6.77734375e-01
     445  1.37500000e+00  6.92382812e-01
     446  1.50000000e+00  7.07031250e-01
     447  1.62500000e+00  7.21679688e-01
     448  1.75000000e+00  7.36328125e-01
     449  1.87500000e+00  7.50976562e-01
     450  2.00000000e+00  7.65625000e-01
     451  0.00000000e+00  5.62500000e-01
     452  6.25000000e-02  5.69335938e-01
     453  1.25000000e-01  5.76171875e-01
     454  1.87500000e-01  5.83007812e-01
     455  2.50000000e-01  5.89843750e-01
     456  3.12500000e-01  5.96679688e-01
     457  3.75000000e-01  6.03515625e-01
     458  4.37500000e-01  6.10351562e-01
     459  5.00000000e-01  6.17187500e-01
     460  5.62500000e-01  6.24023438e-01
     461  6.25000000e-01  6.30859375e-01
     462  6.87500000e-01  6.37695312e-01
     463  7.50000000e-01  6.44531250e-01
     464  8.12500000e-01  6.51367188e-01
     465  8.75000000e-01  6.58203125e-01
     466  9.37500000e-01  6.65039062e-01
     467  1.00000000e+00  6.71875000e-01
     468  1.06250000e+00  6.78710938e-01
     469  1.12500000e+00  6.85546875e-01
     470  1.18750000e+00  6.92382812e-01
     471  1.25000000e+00  6.99218750e-01
     472  1.31250000e+00  7.06054688e-01
     473  1.37500000e+00  7.12890625e-01
     474  1.43750000e+00  7.19726562e-01
     475  1.50000000e+00  7.26562500e-01
     476  1.56250000e+00  7.33398438e-01
     477  1.62500000e+00  7.40234375e-01
     478  1.68750000e+00  7.47070312e-01
     479  1.75000000e+00  7.53906250e-01
     480  1.81250000e+00  7.60742188e-01
     481  1.87500000e+00  7.67578125e-01
     482  1.93750000e+00  7.74414062e-01
     483  2.00000000e+00  7.81250000e-01
     484  0.00000000e+00  5.93750000e-01
     485  1.25000000e-01  6.06445312e-01
     486  2.50000000e-01  6.19140625e-01
     487  3.75000000e-01  6.31835938e-01
     488  5.00000000e-01  6.44531250e-01
     489  6.25000000e-01  6.57226562e-01
     490  7.50000000e-01  6.69921875e-01
     491  8.75000000e-01  6.82617188e-01
     492  1.00000000e+00  6.95312500e-01
     493  1.12500000e+00  7.08007812e-01
     494  1.25000000e+00  7.20703125e-01
     495  1.37500000e+00  7.33398438e-01
     496  1.50000000e+00  7.46093750e-01
     497  1.62500000e+00  7.58789062e-01
     498  1.75000000e+00  7.71484375e-01
     499  1.87500000e+00  7.84179688e-01
     500  2.00000000e+00  7.96875000e-01
     501  0.00000000e+00  6.25000000e-01
     502  6.25000000e-02  6.30859375e-01
     503  1.25000000e-01  6.36718750e-01
     504  1.87500000e-01  6.42578125e-01
     505  2.50000000e-01  6.48437500e-01
     506  3.12500000e-01  6.54296875e-01
     507  3.75000000e-01  6.60156250e-01
     508  4.37500000e-01  6.66015625e-01
     509  5.00000000e-01  6.71875000e-01
     510  5.62500000e-01  6.77734375e-01
     511  6.25000000e-01  6.83593750e-01
     512  6.87500000e-01  6.89453125e-01
     513  7.50000000e-01  6.95312500e-01
     514  8.12500000e-01  7.01171875e-01
     515  8.75000000e-01  7.07031250e-01
     516  9.37500000e-01  7.12890625e-01
     517  1.00000000e+00  7.18750000e-01
     518  1.06250000e+00  7.24609375e-01
     519  1.12500000e+00  7.30468750e-01
     520  1.18750000e+00  7.36328125e-01
     521  1.25000000e+00  7.42187500e-01
     522  1.31250000e+00  7.48046875e-01
     523  1.37500000e+00  7.53906250e-01
     524  1.43750000e+00  7.59765625e-01
     525  1.50000000e+00  7.65625000e-01
     526  1.56250000e+00  7.71484375e-01
     527  1.62500000e+00  7.77343750e-01
     528  1.68750000e+00  7.83203125e-01
     529  1.75000000e+00  7.89062500e-01
     530  1.81250000e+00  7.94921875e-01
     531  1.87500000e+00  8.00781250e-01
     532  1.93750000e+00  8.06640625e-01
     533  2.00000000e+00  8.12500000e-01
     534  0.00000000e+00  6.56250000e-01
     535  1.25000000e-01  6.66992188e-01
     536  2.50000000e-01  6.77734375e-01
     537  3.75000000e-01  6.88476562e-01
     538  5.00000000e-01  6.99218750e-01
     539  6.25000000e-01  7.09960938e-01
     540  7.50000000e-01  7.20703125e-01
     541  8.75000000e-01  7.31445312e-01
     542  1.00000000e+00  7.42187500e-01
     543  1.12500000e+00  7.52929688e-01
     544  1.25000000e+00  7.63671875e-01
     545  1.37500000e+00  7.74414062e-01
     546  1.50000000e+00  7.85156250e-01
     547  1.62500000e+00  7.95898438e-01
     548  1.75000000e+00  8.06640625e-01
     549  1.87500000e+00  8.17382812e-01
     550  2.00000000e+00  8.28125000e-01
     551  0.00000000e+00  6.87500000e-01
     552  6.25000000e-02  6.92382812e-01
     553  1.25000000e-01  6.97265625e-01
     554  1.87500000e-01  7.02148438e-01
     555  2.50000000e-01  7.07031250e-01
     556  3.12500000e-01  7.11914062e-01
     557  3.75000000e-01  7.16796875e-01
     558  4.37500000e-01  7.21679688e-01
     559  5.00000000e-01  7.26562500e-01
     560  5.62500000e-01  7.31445312e-01
     561  6.25000000e-01  7.36328125e-01
     562  6.87500000e-01  7.41210938e-01
     563  7.50000000e-01  7.46093750e-01
     564  8.12500000e-01  7.50976562e-01
     565  8.75000000e-01  7.55859375e-01
     566  9.37500000e-01  7.60742188e-01
     567  1.00000000e+00  7.65625000e-01
     568  1.06250000e+00  7.70507812e-01
     569  1.12500000e+00  7.75390625e-01
     570  1.18750000e+00  7.80273438e-01
     571  1.25000000e+00  7.85156250e-01
     572  1.31250000e+00  7.90039062e-01
     573  1.37500000e+00  7.94921875e-01
     574  1.43750000e+00  7.99804688e-01
     575  1.50000000e+00  8.04687500e-01
     576  1.56250000e+00  8.09570312e-01
     577  1.62500000e+00  8.14453125e-01
     578  1.68750000e+00  8.19335938e-01
     579  1.75000000e+00  8.24218750e-01
     580  1.81250000e+00  8.29101562e-01
     581  1.87500000e+00  8.33984375e-01
     582  1.93750000e+00  8.38867188e-01
     583  2.00000000e+00  8.43750000e-01
     584  0.00000000e+00  7.18750000e-01
     585  1.25000000e-01  7.27539062e-01
     586  2.50000000e-01  7.36328125e-01
     587  3.75000000e-01  7.45117188e-01
     588  5.00000000e-01  7.53906250e-01
     589  6.25000000e-01  7.62695312e-01
     590  7.50000000e-01  7.71484375e-01
     591  8.75000000e-01  7.80273438e-01
     592  1.00000000e+00  7.89062500e-01
     593  1.12500000e+00  7.97851562e-01
     594  1.25000000e+00  8.06640625e-01
     595  1.37500000e+00  8.15429688e-01
     596  1.50000000e+00  8.24218750e-01
     597  1.62500000e+00  8.33007812e-01
     598  1.75000000e+00  8.41796875e-01
     599  1.87500000e+00  8.50585938e-01
     600  2.00000000e+00  8.59375000e-01
     601  0.00000000e+00  7.50000000e-01
     602  6.25000000e-02  7.53906250e-01
     603  1.25000000e-01  7.57812500e-01
     604  1.87500000e-01  7.61718750e-01
     605  2.50000000e-01  7.65625000e-01
     606  3.12500000e-01  7.69531250e-01
     607  3.75000000e-01  7.73437500e-01
     608  4.37500000e-01  7.77343750e-01
     609  5.00000000e-01  7.81250000e-01
     610  5.62500000e-01  7.85156250e-01
     611  6.25000000e-01  7.89062500e-01
     612  6.87500000e-01  7.92968750e-01
     613  7.50000000e-01  7.96875000e-01
     614  8.12500000e-01  8.00781250e-01
     615  8.75000000e-01  8.04687500e-01
     616  9.37500000e-01  8.08593750e-01
     617  1.00000000e+00  8.12500000e-01
     618  1.06250000e+00  8.16406250e-01
     619  1.12500000e+00  8.20312500e-01
     620  1.18750000e+00  8.24218750e-01
     621  1.25000000e+00  8.28125000e-01
     622  1.31250000e+00  8.32031250e-01
     623  1.37500000e+00  8.35937500e-01
     624  1.43750000e+00  8.39843750e-01
     625  1.50000000e+00  8.43750000e-01
     626  1.56250000e+00  8.47656250e-01
     627  1.62500000e+00  8.51562500e-01
     628  1.68750000e+00  8.55468750e-01
     629  1.75000000e+00  8.59375000e-01
     630  1.81250000e+00  8.63281250e-01
     631  1.87500000e+00  8.67187500e-01
     632  1.93750000e+00  8.71093750e-01
     633  2.00000000e+00  8.75000000e-01
     634  0.00000000e+00  7.81250000e-01
     635  1.25000000e-01  7.88085938e-01
     636  2.50000000e-01  7.94921875e-01
     637  3.75000000e-01  8.01757812e-01
     638  5.00000000e-01  8.08593750e-01
     639  6.25000000e-01  8.15429688e-01
     640  7.50000000e-01  8.22265625e-01
     641  8.75000000e-01  8.29101562e-01
     642  1.00000000e+00  8.35937500e-01
     643  1.12500000e+00  8.42773438e-01
     644  1.25000000e+00  8.49609375e-01
     645  1.37500000e+00  8.56445312e-01
     646  1.50000000e+00  8.63281250e-01
     647  1.62500000e+00  8.70117188e-01
     648  1.75000000e+00  8.76953125e-01
     649  1.87500000e+00  8.83789062e-01
     650  2.00000000e+00  8.90625000e-01
     651  0.00000000e+00  8.12500000e-01
     652  6.25000000e-02  8.15429688e-01
     653  1.25000000e-01  8.18359375e-01
     654  1.87500000e-01  8.21289062e-01
     655  2.50000000e-01  8.24218750e-01
     656  3.12500000e-01  8.27148438e-01
     657  3.75000000e-01  8.30078125e-01
     658  4.37500000e-01  8.33007812e-01
     659  5.00000000e-01  8.35937500e-01
     660  5.62500000e-01  8.38867188e-01
     661  6.25000000e-01  8.41796875e-01
     662  6.87500000e-01  8.44726562e-01
     663  7.50000000e-01  8.47656250e-01
     664  8.12500000e-01  8.50585938e-01
     665  8.75000000e-01  8.53515625e-01
     666  9.37500000e-01  8.56445312e-01
     667  1.00000000e+00  8.59375000e-01
     668  1.06250000e+00  8.62304688e-01
     669  1.12500000e+00  8.65234375e-01
     670  1.18750000e+00  8.68164062e-01
     671  1.25000000e+00  8.71093750e-01
     672  1.31250000e+00  8.74023438e-01
     673  1.37500000e+00  8.76953125e-01
     674  1.43750000e+00  8.79882812e-01
     675  1.50000000e+00  8.82812500e-01
     676  1.56250000e+00  8.85742188e-01
     677  1.62500000e+00  8.88671875e-01
     678  1.68750000e+00  8.91601562e-01
     679  1.75000000e+00  8.94531250e-01
     680  1.81250000e+00  8.97460938e-01
     681  1.87500000e+00  9.00390625e-01
     682  1.93750000e+00  9.03320312e-01
     683  2.00000000e+00  9.06250000e-01
     684  0.00000000e+00  8.43750000e-01
     685  1.25000000e-01  8.48632812e-01
     686  2.50000000e-01  8.53515625e-01
     687  3.75000000e-01  8.58398438e-01
     688  5.00000000e-01  8.63281250e-01
     689  6.25000000e-01  8.68164062e-01
     690  7.50000000e-01  8.73046875e-01
     691  8.75000000e-01  8.77929688e-01
     692  1.00000000e+00  8.82812500e-01
     693  1.12500000e+00  8.87695312e-01
     694  1.25000000e+00  8.92578125e-01
     695  1.37500000e+00  8.97460938e-01
     696  1.50000000e+00  9.02343750e-01
     697  1.62500000e+00  9.07226562e-01
     698  1.75000000e+00  9.12109375e-01
     699  1.87500000e+00  9.16992188e-01
     700  2.00000000e+00  9.21875000e-01
     701  0.00000000e+00  8.75000000e-01
     702  6.25000000e-02  8.76953125e-01
     703  1.25000000e-01  8.78906250e-01
     704  1.87500000e-01  8.80859375e-01
     705  2.50000000e-01  8.82812500e-01
     706  3.12500000e-01  8.84765625e-01
     707  3.75000000e-01  8.86718750e-01
     708  4.37500000e-01  8.88671875e-01
     709  5.00000000e-01  8.90625000e-01
     710  5.62500000e-01  8.92578125e-01
     711  6.25000000e-01  8.94531250e-01
     712  6.87500000e-01  8.96484375e-01
     713  7.50000000e-01  8.98437500e-01
     714  8.12500000e-01  9.00390625e-01
     715  8.75000000e-01  9.02343750e-01
     716  9.37500000e-01  9.04296875e-01
     717  1.00000000e+00  9.06250000e-01
     718  1.06250000e+00  9.08203125e-01
     719  1.12500000e+00  9.10156250e-01
     720  1.18750000e+00  9.12109375e-01
     721  1.25000000e+00  9.14062500e-01
     722  1.31250000e+00  9.16015625e-01
     723  1.37500000e+00  9.17968750e-01
     724  1.43750000e+00  9.19921875e-01
     725  1.50000000e+00  9.21875000e-01
     726  1.56250000e+00  9.23828125e-01
     727  1.62500000e+00  9.25781250e-01
     728  1.68750000e+00  9.27734375e-01
     729  1.75000000e+00  9.29687500e-01
     730  1.81250000e+00  9.31640625e-01
     731  1.87500000e+00  9.33593750e-01
     732  1.93750000e+00  9.35546875e-01
     733  2.00000000e+00  9.37500000e-01
     734  0.00000000e+00  9.06250000e-01
     735  1.25000000e-01  9.09179688e-01
     736  2.50000000e-01  9.12109375e-01
     737  3.75000000e-01  9.15039062e-01
     738  5.00000000e-01  9.17968750e-01
     739  6.25000000e-01  9.20898438e-01
     740  7.50000000e-01  9.23828125e-01
     741  8.75000000e-01  9.26757812e-01
     742  1.00000000e+00  9.29687500e-01
     743  1.12500000e+00  9.32617188e-01
     744  1.25000000e+00  9.35546875e-01
     745  1.37500000e+00  9.38476562e-01
     746  1.50000000e+00  9.41406250e-01
     747  1.62500000e+00  9.44335938e-01
     748  1.75000000e+00  9.47265625e-01
     749  1.87500000e+00  9.50195312e-01
     750  2.00000000e+00  9.53125000e-01
     751  0.00000000e+00  9.37500000e-01
     752  6.25000000e-02  9.38476562e-01
     753  1.25000000e-01  9.39453125e-01
     754  1.87500000e-01  9.40429688e-01
     755  2.50000000e-01  9.41406250e-01
     756  3.12500000e-01  9.42382812e-01
     757  3.75000000e-01  9.43359375e-01
     758  4.37500000e-01  9.44335938e-01
     759  5.00000000e-01  9.45312500e-01
     760  5.62500000e-01  9.46289062e-01
     761  6.25000000e-01  9.47265625e-01
     762  6.87500000e-01  9.48242188e-01
     763  7.50000000e-01  9.49218750e-01
     764  8.12500000e-01  9.50195312e-01
     765  8.75000000e-01  9.51171875e-01
     766  9.37500000e-01  9.52148438e-01
     767  1.00000000e+00  9.53125000e-01
     768  1.06250000e+00  9.54101562e-01
     769  1.12500000e+00  9.55078125e-01
     770  1.18750000e+00  9.56054688e-01
     771  1.25000000e+00  9.57031250e-01
     772  1.31250000e+00  9.58007812e-01
     773  1.37500000e+00  9.58984375e-01
     774  1.43750000e+00  9.59960938e-01
     775  1.50000000e+00  9.60937500e-01
     776  1.56250000e+00  9.61914062e-01
     777  1.62500000e+00  9.62890625e-01
     778  1.68750000e+00  9.63867188e-01
     779  1.75000000e+00  9.64843750e-01
     780  1.81250000e+00  9.65820312e-01
     781  1.87500000e+00  9.66796875e-01
     782  1.93750000e+00  9.67773438e-01
     783  2.00000000e+00  9.68750000e-01
     784  0.00000000e+00  9.68750000e-01
     785  1.25000000e-01  9.69726562e-01
     786  2.50000000e-01  9.70703125e-01
     787  3.75000000e-01  9.71679688e-01
     788  5.00000000e-01  9.72656250e-01
     789  6.25000000e-01  9.73632812e-01
     790  7.50000000e-01  9.74609375e-01
     791  8.75000000e-01  9.75585938e-01
     792  1.00000000e+00  9.76562500e-01
     793  1.12500000e+00  9.77539062e-01
     794  1.25000000e+00  9.78515625e-01
     795  1.37500000e+00  9.79492188e-01
     796  1.50000000e+00  9.80468750e-01
     797  1.62500000e+00  9.81445312e-01
     798  1.75000000e+00  9.82421875e-01
     799  1.87500000e+00  9.83398438e-01
     800  2.00000000e+00  9.84375000e-01
     801  0.00000000e+00  1.00000000e+00
     802  6.25000000e-02  1.00000000e+00
     803  1.25000000e-01  1.00000000e+00
     804  1.87500000e-01  1.00000000e+00
     805  2.50000000e-01  1.00000000e+00
     806  3.12500000e-01  1.00000000e+00
     807  3.75000000e-01  1.00000000e+00
     808  4.37500000e-01  1.00000000e+00
     809  5.00000000e-01  1.00000000e+00
     810  5.62500000e-01  1.00000000e+00
     811  6.25000000e-01  1.00000000e+00
     812  6.87500000e-01  1.00000000e+00
     813  7.50000000e-01  1.00000000e+00
     814  8.12500000e-01  1.00000000e+00
     815  8.75000000e-01  1.00000000e+00
     816  9.37500000e-01  1.00000000e+00
     817  1.00000000e+00  1.00000000e+00
     818  1.06250000e+00  1.00000000e+00
     819  1.12500000e+00  1.00000000e+00
     820  1.18750000e+00  1.00000000e+00
     821  1.25000000e+00  1.00000000e+00
     822  1.31250000e+00  1.00000000e+00
     823  1.37500000e+00  1.00000000e+00
     824  1.43750000e+00  1.00000000e+00
     825  1.50000000e+00  1.00000000e+00
     826  1.56250000e+00  1.00000000e+00
     827  1.62500000e+00  1.00000000e+00
     828  1.68750000e+00  1.00000000e+00
     829  1.75000000e+00  1.00000000e+00
     830  1.81250000e+00  1.00000000e+00
     831  1.87500000e+00  1.00000000e+00
     832  1.93750000e+00  1.00000000e+00
     833  2.00000000e+00  1.00000000e+00
# Element Connectivity:
       1       1       3      53      51       2      35      52      34
       2       3       5      55      53       4      36      54      35
       3       5       7      57      55       6      37      56      36
       4       7       9      59      57       8      38      58      37
       5       9      11      61      59      10      39      60      38
       6      11      13      63      61      12      40      62      39
       7      13      15      65      63      14      41      64      40
       8      15      17      67      65      16      42      66      41
       9      17      19      69      67      18      43      68      42
      10      19      21      71      69      20      44      70      43
      11      21      23      73      71      22      45      72      44
      12      23      25      75      73      24      46      74      45
      13      25      27      77      75      26      47      76      46
      14      27      29      79      77      28      48      78      47
      15      29      31      81      79      30      49      80      48
      16      31      33      83      81      32      50      82      49
      17      51      53     103     101      52      85     102      84
      18      53      55     105     103      54      86     104      85
      19      55      57     107     105      56      87     106      86
      20      57      59     109     107      58      88     108      87
      21      59      61     111     109      60      89     110      88
      22      61      63     113     111      62      90     112      89
      23      63      65     115     113      64      91     114      90
      24      65      67     117     115      66      92     116      91
      25      67      69     119     117      68      93     118      92
      26      69      71     121     119      70      94     120      93
      27      71      73     123     121      72      95     122      94
      28      73      75     125     123      74      96     124      95
      29      75      77     127     125      76      97     126      96
      30      77      79     129     127      78      98     128      97
      31      79      81     131     129      80      99     130      98
      32      81      83     133     131      82     100     132      99
      33     101     103     153     151     102     135     152     134
      34     103     105     155     153     104     136     154     135
      35     105     107     157     155     106     137     156     136
      36     107     109     159     157     108     138     158     137
      37     109     111     161     159     110     139     160     138
      38     111     113     163     161     112     140     162     139
      39     113     115     165     163     114     141     164     140
      40     115     117     167     165     116     142     166     141
      41     117     119     169     167     118     143     168     142
      42     119     121     171     169     120     144     170     143
      43     121     123     173     171     122     145     172     144
      44     123     125     175     173     124     146     174     145
      45     125     127     177     175     126     147     176     146
      46     127     129     179     177     128     148     178     147
      47     129     131     181     179     130     149     180     148
      48     131     133     183     181     132     150     182     149
      49     151     153     203     201     152     185     202     184
      50     153     155     205     203     154     186     204     185
      51     155     157     207     205     156     187     206     186
      52     157     159     209     207     158     188     208     187
      53     159     161     211     209     160     189     210     188
      54     161     163     213     211     162     190     212     189
      55     163     165     215     213     164     191     214     190
      56     165     167     217     215     166     192     216     191
      57     167     169     219     217     168     193     218     192
      58     169     171     221     219     170     194     220     193
      59     171     173     223     221     172     195     222     194
      60     173     175     225     223     174     196     224     195
      61     175     177     227     225     176     197     226     196
      62     177     179     229     227     178     198     228     197
      63     179     181     231     229     180     199     230     198
      64     181     183     233     231     182     200     232     199
      65     201     203     253     251     202     235     252     234
      66     203     205     255     253     204     236     254     235
      67     205     207     257     255     206     237     256     236
      68     207     209     259     257     208     238     258     237
      69     209     211     261     259     210     239     260     238
      70     211     213     263     261     212     240     262     239
      71     213     215     265     263     214     241     264     240
      72     215     217     267     265     216     242     266     241
      73     217     219     269     267     218     243     268     242
      74     219     221     271     269     220     244     270     243
      75     221     223     273     271     222     245     272     244
      76     223     225     275     273     224     246     274     245
      77     225     227     277     275     226     247     276     246
      78     227     229     279     277     228     248     278     247
      79     229     231     281     279     230     249     280     248
      80     231     233     283     281     232     250     282     249
      81     251     253     303     301     252     285     302     284
      82     253     255     305     303     254     286     304     285
      83     255     257     307     305     256     287     306     286
      84     257     259     309     307     258     288     308     287
      85     259     261     311     309     260     289     310     288
      86     261     263     313     311     262     290     312     289
      87     263     265     315     313     264     291     314     290
      88     265     267     317     315     266     292     316     291
      89     267     269     319     317     268     293     318     292
      90     269     271     321     319     270     294     320     293
      91     271     273     323     321     272     295     322     294
      92     273     275     325     323     274     296     324     295
      93     275     277     327     325     276     297     326     296
      94     277     279     329     327     278     298     328     297
      95     279     281     331     329     280     299     330     298
      96     281     283     333     331     282     300     332     299
      97     301     303     353     351     302     335     352     334
      98     303     305     355     353     304     336     354     335
      99     305     307     357     355     306     337     356     336
     100     307     309     359     357     308     338     358     337
     101     309     311     361     359     310     339     360     338
     102     311     313     363     361     312     340     362     339
     103     313     315     365     363     314     341     364     340
     104     315     317     367     365     316     342     366     341
     105     317     319     369     367     318     343     368     342
     106     319     321     371     369     320     344     370     343
     107     321     323     373     371     322     345     372     344
     108     323     325     375     373     324     346     374     345
     109     325     327     377     375     326     347     376     346
     110     327     329     379     377     328     348     378     347
     111     329     331     381     379     330     349     380     348
     112     331     333     383     381     332     350     382     349
     113     351     353     403     401     352     385     402     384
     114     353     355     405     403     354     386     404     385
     115     355     357     407     405     356     387     406     386
     116     357     359     409     407     358     388     408     387
     117     359     361     411     409     360     389     410     388
     118     361     363     413     411     362     390     412     389
     119     363     365     415     413     364     391     414     390
     120     365     367     417     415     366     392     416     391
     121     367     369     419     417     368     393     418     392
     122     369     371     421     419     370     394     420     393
     123     371     373     423     421     372     395     422     394
     124     373     375     425     423     374     396     424     395
     125     375     377     427     425     376     397     426     396
     126     377     379     429     427     378     398     428     397
     127     379     381     431     429     380     399     430     398
     128     381     383     433     431     382     400     432     399
     129     401     403     453     451     402     435     452     434
     130     403     405     455     453     404     436     454     435
     131     405     407     457     455     406     437     456     436
     132     407     409     459     457     408     438     458     437
     133     409     411     461     459     410     439     460     438
     134     411     413     463     461     412     440     462     439
     135     413     415     465     463     414     441     464     440
     136     415     417     467     465     416     442     466     441
     137     417     419     469     467     418     443     468     442
     138     419     421     471     469     420     444     470     443
     139     421     423     473     471     422     445     472     444
     140     423     425     475     473     424     446     474     445
     141     425     427     477     475     426     447     476     446
     142     427     429     479     477     428     448     478     447
     143     429     431     481     479     430     449     480     448
     144     431     433     483     481     432     450     482     449
     145     451     453     503     501     452     485     502     484
     146     453     455     505     503     454     486     504     485
     147     455     457     507     505     456     487     506     486
     148     457     459     509     507     458     488     508     487
     149     459     461     511     509     460     489     510     488
     150     461     463     513     511     462     490     512     489
     151     463     465     515     513     464     491     514     490
     152     465     467     517     515     466     492     516     491
     153     467     469     519     517     468     493     518     492
     154     469     471     521     519     470     494     520     493
     155     471     473     523     521     472     495     522     494
     156     473     475     525     523     474     496     524     495
     157     475     477     527     525     476     497     526     496
     158     477     479     529     527     478     498     528     497
     159     479     481     531     529     480     499     530     498
     160     481     483     533     531     482     500     532     499
     161     501     503     553     551     502     535     552     534
     162     503     505     555     553     504     536     554     535
     163     505     507     557     555     506     537     556     536
     164     507     509     559     557     508     538     558     537
     165     509     511     561     559     510     539     560     538
     166     511     513     563     561     512     540     562     539
     167     513     515     565     563     514     541     564     540
     168     515     517     567     565     516     542     566     541
     169     517     519     569     567     518     543     568     542
     170     519     521     571     569     520     544     570     543
     171     521     523     573     571     522     545     572     544
     172     523     525     575     573     524     546     574     545
     173     525     527     577     575     526     547     576     546
     174     527     529     579     577     528     548     578     547
     175     529     531     581     579     530     549     580     548
     176     531     533     583     581     532     550     582     549
     177     551     553     603     601     552     585     602     584
     178     553     555     605     603     554     586     604     585
     179     555     557     607     605     556     587     606     586
     180     557     559     609     607     558     588     608     587
     181     559     561     611     609     560     589     610     588
     182     561     563     613     611     562     590     612     589
     183     563     565     615     613     564     591     614     590
     184     565     567     617     615     566     592     616     591
     185     567     569     619     617     568     593     618     592
     186     569     571     621     619     570     594     620     593
     187     571     573     623     621     572     595     622     594
     188     573     575     625     623     574     596     624     595
     189     575     577     627     625     576     597     626     596
     190     577     579     629     627     578     598     628     597
     191     579     581     631     629     580     599     630     598
     192     581     583     633     631     582     600     632     599
     193     601     603     653     651     602     635     652     634
     194     603     605     655     653     604     636     654     635
     195     605     607     657     655     606     637     656     636
     196     607     609     659     657     608     638     658     637
     197     609     611     661     659     610     639     660     638
     198     611     613     663     661     612     640     662     639
     199     613     615     665     663     614     641     664     640
     200     615     617     667     665     616     642     666     641
     201     617     619     669     667     618     643     668     642
     202     619     621     671     669     620     644     670     643
     203     621     623     673     671     622     645     672     644
     204     623     625     675     673     624     646     674     645
     205     625     627     677     675     626     647     676     646
     206     627     629     679     677     628     648     678     647
     207     629     631     681     679     630     649     680     648
     208     631     633     683     681     632     650     682     649
     209     651     653     703     701     652     685     702     684
     210     653     655     705     703     654     686     704     685
     211     655     657     707     705     656     687     706     686
     212     657     659     709     707     658     688     708     687
     213     659     661     711     709     660     689     710     688
     214     661     663     713     711     662     690     712     689
     215     663     665     715     713     664     691     714     690
     216     665     667     717     715     666     692     716     691
     217     667     669     719     717     668     693     718     692
     218     669     671     721     719     670     694     720     693
     219     671     673     723     721     672     695     722     694
     220     673     675     725     723     674     696     724     695
     221     675     677     727     725     676     697     726     696
     222     677     679     729     727     678     698     728     697
     223     679     681     731     729     680     699     730     698
     224     681     683     733     731     682     700     732     699
     225     701     703     753     751     702     735     752     734
     226     703     705     755     753     704     736     754     735
     227     705     707     757     755     706     737     756     736
     228     707     709     759     757     708     738     758     737
     229     709     711     761     759     710     739     760     738
     230     711     713     763     761     712     740     762     739
     231     713     715     765     763     714     741     764     740
     232     715     717     767     765     716     742     766     741
     233     717     719     769     767     718     743     768     742
     234     719     721     771     769     720     744     770     743
     235     721     723     773     771     722     745     772     744
     236     723     725     775     773     724     746     774     745
     237     725     727     777     775     726     747     776     746
     238     727     729     779     777     728     748     778     747
     239     729     731     781     779     730     749     780     748
     240     731     733     783     781     732     750     782     749
     241     751     753     803     801     752     785     802     784
     242     753     755     805     803     754     786     804     785
     243     755     757     807     805     756     787     806     786
     244     757     759     809     807     758     788     808     787
     245     759     761     811     809     760     789     810     788
     246     761     763     813     811     762     790     812     789
     247     763     765     815     813     764     791     814     790
     248     765     767     817     815     766     792     816     791
     249     767     769     819     817     768     793     818     792
     250     769     771     821     819     770     794     820     793
     251     771     773     823     821     772     795     822     794
     252     773     775     825     823     774     796     824     795
     253     775     777     827     825     776     797     826     796
     254     777     779     829     827     778     798     828     797
     255     779     781     831     829     780     799     830     798
     256     781     783     833     831     782     800     832     799
# Boundary conditions:
       1       1   0.000e+00       1   0.000e+00
       2       1   0.000e+00       1   0.000e+00
       3       1   0.000e+00       1   0.000e+00
       4       1   0.000e+00       1   0.000e+00
       5       1   0.000e+00       1   0.000e+00
       6       1   0.000e+00       1   0.000e+00
       7       1   0.000e+00       1   0.000e+00
       8       1   0.000e+00       1   0.000e+00
       9       1   0.000e+00       1   0.000e+00
      10       1   0.000e+00       1   0.000e+00
      11       1   0.000e+00       1   0.000e+00
      12       1   0.000e+00       1   0.000e+00
      13       1   0.000e+00       1   0.000e+00
      14       1   0.000e+00       1   0.000e+00
      15       1   0.000e+00       1   0.000e+00
      16       1   0.000e+00       1   0.000e+00
      17       1   0.000e+00       1   0.000e+00
      18       1   0.000e+00       1   0.000e+00
      19       1   0.000e+00       1   0.000e+00
      20       1   0.000e+00       1   0.000e+00
      21       1   0.000e+00       1   0.000e+00
      22       1   0.000e+00       1   0.000e+00
      23       1   0.000e+00       1   0.000e+00
      24       1   0.000e+00       1   0.000e+00
      25       1   0.000e+00       1   0.000e+00
      26       1   0.000e+00       1   0.000e+00
      27       1   0.000e+00       1   0.000e+00
      28       1   0.000e+00       1   0.000e+00
      29       1   0.000e+00       1   0.000e+00
      30       1   0.000e+00       1   0.000e+00
      31       1   0.000e+00       1   0.000e+00
      32       1   0.000e+00       1   0.000e+00
      33       1   0.000e+00       1   0.000e+00
      34       1   0.000e+00       1   0.000e+00
      35       2   0.000e+00       2   0.000e+00
      36       2   0.000e+00       2   0.000e+00
      37       2   0.000e+00       2   0.000e+00
      38       2   0.000e+00       2   0.000e+00
      39       2   0.000e+00       2   0.000e+00
      40       2   0.000e+00       2   0.000e+00
      41       2   0.000e+00       2   0.000e+00
      42       2   0.000e+00       2   0.000e+00
      43       2   0.000e+00       2   0.000e+00
      44       2   0.000e+00       2   0.000e+00
      45       2   0.000e+00       2   0.000e+00
      46       2   0.000e+00       2   0.000e+00
      47       2   0.000e+00       2   0.000e+00
      48       2   0.000e+00       2   0.000e+00
      49       2   0.000e+00       2   0.000e+00
      50       1   0.000e+00       1   0.000e+00
      51       1   0.000e+00       1   0.000e+00
      52       2   0.000e+00       2   0.000e+00
      53       2   0.000e+00       2   0.000e+00
      54       2   0.000e+00       2   0.000e+00
      55       2   0.000e+00       2   0.000e+00
      56       2   0.000e+00       2   0.000e+00
      57       2   0.000e+00       2   0.000e+00
      58       2   0.000e+00       2   0.000e+00
      59       2   0.000e+00       2   0.000e+00
      60       2   0.000e+00       2   0.000e+00
      61       2   0.000e+00       2   0.000e+00
      62       2   0.000e+00       2   0.000e+00
      63       2   0.000e+00       2   0.000e+00
      64       2   0.000e+00       2   0.000e+00
      65       2   0.000e+00       2   0.000e+00
      66       2   0.000e+00       2   0.000e+00
      67       2   0.000e+00       2   0.000e+00
      68       2   0.000e+00       2   0.000e+00
      69       2   0.000e+00       2   0.000e+00
      70       2   0.000e+00       2   0.000e+00
      71       2   0.000e+00       2   0.000e+00
      72       2   0.000e+00       2   0.000e+00
      73       2   0.000e+00       2   0.000e+00
      74       2   0.000e+00       2   0.000e+00
      75       2   0.000e+00       2   0.000e+00
      76       2   0.000e+00       2   0.000e+00
      77       2   0.000e+00       2   0.000e+00
      78       2   0.000e+00       2   0.000e+00
      79       2   0.000e+00       2   0.000e+00
      80       2   0.000e+00       2   0.000e+00
      81       2   0.000e+00       2   0.000e+00
      82       2   0.000e+00       2   0.000e+00
      83       1   0.000e+00       1   0.000e+00
      84       1   0.000e+00       1   0.000e+00
      85       2   0.000e+00       2   0.000e+00
      86       2   0.000e+00       2   0.000e+00
      87       2   0.000e+00       2   0.000e+00
      88       2   0.000e+00       2   0.000e+00
      89       2   0.000e+00       2   0.000e+00
      90       2   0.000e+00       2   0.000e+00
      91       2   0.000e+00       2   0.000e+00
      92       2   0.000e+00       2   0.000e+00
      93       2   0.000e+00       2   0.000e+00
      94       2   0.000e+00       2   0.000e+00
      95       2   0.000e+00       2   0.000e+00
      96       2   0.000e+00       2   0.000e+00
      97       2   0.000e+00       2   0.000e+00
      98       2   0.000e+00       2   0.000e+00
      99       2   0.000e+00       2   0.000e+00
     100       1   0.000e+00       1   0.000e+00
     101       1   0.000e+00       1   0.000e+00
     102       2   0.000e+00       2   0.000e+00
     103       2   0.000e+00       2   0.000e+00
     104       2   0.000e+00       2   0.000e+00
     105       2   0.000e+00       2   0.000e+00
     106       2   0.000e+00       2   0.000e+00
     107       2   0.000e+00       2   0.000e+00
     108       2   0.000e+00       2   0.000e+00
     109       2   0.000e+00       2   0.000e+00
     110       2   0.000e+00       2   0.000e+00
     111       2   0.000e+00       2   0.000e+00
     112       2   0.000e+00       2   0.000e+00
     113       2   0.000e+00       2   0.000e+00
     114       2   0.000e+00       2   0.000e+00
     115       2   0.000e+00       2   0.000e+00
     116       2   0.000e+00       2   0.000e+00
     117       2   0.000e+00       2   0.000e+00
     118       2   0.000e+00       2   0.000e+00
     119       2   0.000e+00       2   0.000e+00
     120       2   0.000e+00       2   0.000e+00
     121       2   0.000e+00       2   0.000e+00
     122       2   0.000e+00       2   0.000e+00
     123       2   0.000e+00       2   0.000e+00
     124       2   0.000e+00       2   0.000e+00
     125       2   0.000e+00       2   0.000e+00
     126       2   0.000e+00       2   0.000e+00
     127       2   0.000e+00       2   0.000e+00
     128       2   0.000e+00       2   0.000e+00
     129       2   0.000e+00       2   0.000e+00
     130       2   0.000e+00       2   0.000e+00
     131       2   0.000e+00       2   0.000e+00
     132       2   0.000e+00       2   0.000e+00
     133       1   0.000e+00       1   0.000e+00
     134       1   0.000e+00       1   0.000e+00
     135       2   0.000e+00       2   0.000e+00
     136       2   0.000e+00       2   0.000e+00
     137       2   0.000e+00       2   0.000e+00
     138       2   0.000e+00       2   0.000e+00
     139       2   0.000e+00       2   0.000e+00
     140       2   0.000e+00       2   0.000e+00
     141       2   0.000e+00       2   0.000e+00
     142       2   0.000e+00       2   0.000e+00
     143       2   0.000e+00       2   0.000e+00
     144       2   0.000e+00       2   0.000e+00
     145       2   0.000e+00       2   0.000e+00
     146       2   0.000e+00       2   0.000e+00
     147       2   0.000e+00       2   0.000e+00
     148       2   0.000e+00       2   0.000e+00
     149       2   0.000e+00       2   0.000e+00
     150       1   0.000e+00       1   0.000e+00
     151       1   0.000e+00       1   0.000e+00
     152       2   0.000e+00       2   0.000e+00
     153       2   0.000e+00       2   0.000e+00
     154       2   0.000e+00       2   0.000e+00
     155       2   0.000e+00       2   0.000e+00
     156       2   0.000e+00       2   0.000e+00
     157       2   0.000e+00       2   0.000e+00
     158       2   0.000e+00       2   0.000e+00
     159       2   0.000e+00       2   0.000e+00
     160       2   0.000e+00       2   0.000e+00
     161       2   0.000e+00       2   0.000e+00
     162       2   0.000e+00       2   0.000e+00
     163       2   0.000e+00       2   0.000e+00
     164       2   0.000e+00       2   0.000e+00
     165       2   0.000e+00       2   0.000e+00
     166       2   0.000e+00       2   0.000e+00
     167       2   0.000e+00       2   0.000e+00
     168       2   0.000e+00       2   0.000e+00
     169       2   0.000e+00       2   0.000e+00
     170       2   0.000e+00       2   0.000e+00
     171       2   0.000e+00       2   0.000e+00
     172       2   0.000e+00       2   0.000e+00
     173       2   0.000e+00       2   0.000e+00
     174       2   0.000e+00       2   0.000e+00
     175       2   0.000e+00       2   0.000e+00
     176       2   0.000e+00       2   0.000e+00
     177       2   0.000e+00       2   0.000e+00
     178       2   0.000e+00       2   0.000e+00
     179       2   0.000e+00       2   0.000e+00
     180       2   0.000e+00       2   0.000e+00
     181       2   0.000e+00       2   0.000e+00
     182       2   0.000e+00       2   0.000e+00
     183       1   0.000e+00       1   0.000e+00
     184       1   0.000e+00       1   0.000e+00
     185       2   0.000e+00       2   0.000e+00
     186       2   0.000e+00       2   0.000e+00
     187       2   0.000e+00       2   0.000e+00
     188       2   0.000e+00       2   0.000e+00
     189       2   0.000e+00       2   0.000e+00
     190       2   0.000e+00       2   0.000e+00
     191       2   0.000e+00       2   0.000e+00
     192       2   0.000e+00       2   0.000e+00
     193       2   0.000e+00       2   0.000e+00
     194       2   0.000e+00       2   0.000e+00
     195       2   0.000e+00       2   0.000e+00
     196       2   0.000e+00       2   0.000e+00
     197       2   0.000e+00       2   0.000e+00
     198       2   0.000e+00       2   0.000e+00
     199       2   0.000e+00       2   0.000e+00
     200       1   0.000e+00       1   0.000e+00
     201       1   0.000e+00       1   0.000e+00
     202       2   0.000e+00       2   0.000e+00
     203       2   0.000e+00       2   0.000e+00
     204       2   0.000e+00       2   0.000e+00
     205       2   0.000e+00       2   0.000e+00
     206       2   0.000e+00       2   0.000e+00
     207       2   0.000e+00       2   0.000e+00
     208       2   0.000e+00       2   0.000e+00
     209       2   0.000e+00       2   0.000e+00
     210       2   0.000e+00       2   0.000e+00
     211       2   0.000e+00       2   0.000e+00
     212       2   0.000e+00       2   0.000e+00
     213       2   0.000e+00       2   0.000e+00
     214       2   0.000e+00       2   0.000e+00
     215       2   0.000e+00       2   0.000e+00
     216       2   0.000e+00       2   0.000e+00
     217       2   0.000e+00       2   0.000e+00
     218       2   0.000e+00       2   0.000e+00
     219       2   0.000e+00       2   0.000e+00
     220       2   0.000e+00       2   0.000e+00
     221       2   0.000e+00       2   0.000e+00
     222       2   0.000e+00       2   0.000e+00
     223       2   0.000e+00       2   0.000e+00
     224       2   0.000e+00       2   0.000e+00
     225       2   0.000e+00       2   0.000e+00
     226       2   0.000e+00       2   0.000e+00
     227       2   0.000e+00       2   0.000e+00
     228       2   0.000e+00       2   0.000e+00
     229       2   0.000e+00       2   0.000e+00
     230       2   0.000e+00       2   0.000e+00
     231       2   0.000e+00       2   0.000e+00
     232       2   0.000e+00       2   0.000e+00
     233       1   0.000e+00       1   0.000e+00
     234       1   0.000e+00       1   0.000e+00
     235       2   0.000e+00       2   0.000e+00
     236       2   0.000e+00       2   0.000e+00
     237       2   0.000e+00       2   0.000e+00
     238       2   0.000e+00       2   0.000e+00
     239       2   0.000e+00       2   0.000e+00
     240       2   0.000e+00       2   0.000e+00
     241       2   0.000e+00       2   0.000e+00
     242       2   0.000e+00       2   0.000e+00
     243       2   0.000e+00       2   0.000e+00
     244       2   0.000e+00       2   0.000e+00
     245       2   0.000e+00       2   0.000e+00
     246       2   0.000e+00       2   0.000e+00
     247       2   0.000e+00       2   0.000e+00
     248       2   0.000e+00       2   0.000e+00
     249       2   0.000e+00       2   0.000e+00
     250       1   0.000e+00       1   0.000e+00
     251       1   0.000e+00       1   0.000e+00
     252       2   0.000e+00       2   0.000e+00
     253       2   0.000e+00       2   0.000e+00
     254       2   0.000e+00       2   0.000e+00
     255       2   0.000e+00       2   0.000e+00
     256       2   0.000e+00       2   0.000e+00
     257       2   0.000e+00       2   0.000e+00
     258       2   0.000e+00       2   0.000e+00
     259       2   0.000e+00       2   0.000e+00
     260       2   0.000e+00       2   0.000e+00
     261       2   0.000e+00       2   0.000e+00
     262       2   0.000e+00       2   0.000e+00
     263       2   0.000e+00       2   0.000e+00
     264       2   0.000e+00       2   0.000e+00
     265       2   0.000e+00       2   0.000e+00
     266       2   0.000e+00       2   0.000e+00
     267       2   0.000e+00       2   0.000e+00
     268       2   0.000e+00       2   0.000e+00
     269       2   0.000e+00       2   0.000e+00
     270       2   0.000e+00       2   0.000e+00
     271       2   0.000e+00       2   0.000e+00
     272       2   0.000e+00       2   0.000e+00
     273       2   0.000e+00       2   0.000e+00
     274       2   0.000e+00       2   0.000e+00
     275       2   0.000e+00       2   0.000e+00
     276       2   0.000e+00       2   0.000e+00
     277       2   0.000e+00       2   0.000e+00
     278       2   0.000e+00       2   0.000e+00
     279       2   0.000e+00       2   0.000e+00
     280       2   0.000e+00       2   0.000e+00
     281       2   0.000e+00       2   0.000e+00
     282       2   0.000e+00       2   0.000e+00
     283       1   0.000e+00       1   0.000e+00
     284       1   0.000e+00       1   0.000e+00
     285       2   0.000e+00       2   0.000e+00
     286       2   0.000e+00       2   0.000e+00
     287       2   0.000e+00       2   0.000e+00
     288       2   0.000e+00       2   0.000e+00
     289       2   0.000e+00       2   0.000e+00
     290       2   0.000e+00       2   0.000e+00
     291       2   0.000e+00       2   0.000e+00
     292       2   0.000e+00       2   0.000e+00
     293       2   0.000e+00       2   0.000e+00
     294       2   0.000e+00       2   0.000e+00
     295       2   0.000e+00       2   0.000e+00
     296       2   0.000e+00       2   0.000e+00
     297       2   0.000e+00       2   0.000e+00
     298       2   0.000e+00       2   0.000e+00
     299       2   0.000e+00       2   0.000e+00
     300       1   0.000e+00       1   0.000e+00
     301       1   0.000e+00       1   0.000e+00
     302       2   0.000e+00       2   0.000e+00
     303       2   0.000e+00       2   0.000e+00
     304       2   0.000e+00       2   0.000e+00
     305       2   0.000e+00       2   0.000e+00
     306       2   0.000e+00       2   0.000e+00
     307       2   0.000e+00       2   0.000e+00
     308       2   0.000e+00       2   0.000e+00
     309       2   0.000e+00       2   0.000e+00
     310       2   0.000e+00       2   0.000e+00
     311       2   0.000e+00       2   0.000e+00
     312       2   0.000e+00       2   0.000e+00
     313       2   0.000e+00       2   0.000e+00
     314       2   0.000e+00       2   0.000e+00
     315       2   0.000e+00       2   0.000e+00
     316       2   0.000e+00       2   0.000e+00
     317       2   0.000e+00       2   0.000e+00
     318       2   0.000e+00       2   0.000e+00
     319       2   0.000e+00       2   0.000e+00
     320       2   0.000e+00       2   0.000e+00
     321       2   0.000e+00       2   0.000e+00
     322       2   0.000e+00       2   0.000e+00
     323       2   0.000e+00       2   0.000e+00
     324       2   0.000e+00       2   0.000e+00
     325       2   0.000e+00       2   0.000e+00
     326       2   0.000e+00       2   0.000e+00
     327       2   0.000e+00       2   0.000e+00
     328       2   0.000e+00       2   0.000e+00
     329       2   0.000e+00       2   0.000e+00
     330       2   0.000e+00       2   0.000e+00
     331       2   0.000e+00       2   0.000e+00
     332       2   0.000e+00       2   0.000e+00
     333       1   0.000e+00       1   0.000e+00
     334       1   0.000e+00       1   0.000e+00
     335       2   0.000e+00       2   0.000e+00
     336       2   0.000e+00       2   0.000e+00
     337       2   0.000e+00       2   0.000e+00
     338       2   0.000e+00       2   0.000e+00
     339       2   0.000e+00       2   0.000e+00
     340       2   0.000e+00       2   0.000e+00
     341       2   0.000e+00       2   0.000e+00
     342       2   0.000e+00       2   0.000e+00
     343       2   0.000e+00       2   0.000e+00
     344       2   0.000e+00       2   0.000e+00
     345       2   0.000e+00       2   0.000e+00
     346       2   0.000e+00       2   0.000e+00
     347       2   0.000e+00       2   0.000e+00
     348       2   0.000e+00       2   0.000e+00
     349       2   0.000e+00       2   0.000e+00
     350       1   0.000e+00       1   0.000e+00
     351       1   0.000e+00       1   0.000e+00
     352       2   0.000e+00       2   0.000e+00
     353       2   0.000e+00       2   0.000e+00
     354       2   0.000e+00       2   0.000e+00
     355       2   0.000e+00       2   0.000e+00
     356       2   0.000e+00       2   0.000e+00
     357       2   0.000e+00       2   0.000e+00
     358       2   0.000e+00       2   0.000e+00
     359       2   0.000e+00       2   0.000e+00
     360       2   0.000e+00       2   0.000e+00
     361       2   0.000e+00       2   0.000e+00
     362       2   0.000e+00       2   0.000e+00
     363       2   0.000e+00       2   0.000e+00
     364       2   0.000e+00       2   0.000e+00
     365       2   0.000e+00       2   0.000e+00
     366       2   0.000e+00       2   0.000e+00
     367       2   0.000e+00       2   0.000e+00
     368       2   0.000e+00       2   0.000e+00
     369       2   0.000e+00       2   0.000e+00
     370       2   0.000e+00       2   0.000e+00
     371       2   0.000e+00       2   0.000e+00
     372       2   0.000e+00       2   0.000e+00
     373       2   0.000e+00       2   0.000e+00
     374       2   0.000e+00       2   0.000e+00
     375       2   0.000e+00       2   0.000e+00
     376       2   0.000e+00       2   0.000e+00
     377       2   0.000e+00       2   0.000e+00
     378       2   0.000e+00       2   0.000e+00
     379       2   0.000e+00       2   0.000e+00
     380       2   0.000e+00       2   0.000e+00
     381       2   0.000e+00       2   0.000e+00
     382       2   0.000e+00       2   0.000e+00
     383       1   0.000e+00       1   0.000e+00
     384       1   0.000e+00       1   0.000e+00
     385       2   0.000e+00       2   0.000e+00
     386       2   0.000e+00       2   0.000e+00
     387       2   0.000e+00       2   0.000e+00
     388       2   0.000e+00       2   0.000e+00
     389       2   0.000e+00       2   0.000e+00
     390       2   0.000e+00       2   0.000e+00
     391       2   0.000e+00       2   0.000e+00
     392       2   0.000e+00       2   0.000e+00
     393       2   0.000e+00       2   0.000e+00
     394       2   0.000e+00       2   0.000e+00
     395       2   0.000e+00       2   0.000e+00
     396       2   0.000e+00       2   0.000e+00
     397       2   0.000e+00       2   0.000e+00
     398       2   0.000e+00       2   0.000e+00
     399       2   0.000e+00       2   0.000e+00
     400       1   0.000e+00       1   0.000e+00
     401       1   0.000e+00       1   0.000e+00
     402       2   0.000e+00       2   0.000e+00
     403       2   0.000e+00       2   0.000e+00
     404       2   0.000e+00       2   0.000e+00
     405       2   0.000e+00       2   0.000e+00
     406       2   0.000e+00       2   0.000e+00
     407       2   0.000e+00       2   0.000e+00
     408       2   0.000e+00       2   0.000e+00
     409       2   0.000e+00       2   0.000e+00
     410       2   0.000e+00       2   0.000e+00
     411       2   0.000e+00       2   0.000e+00
     412       2   0.000e+00       2   0.000e+00
     413       2   0.000e+00       2   0.000e+00
     414       2   0.000e+00       2   0.000e+00
     415       2   0.000e+00       2   0.000e+00
     416       2   0.000e+00       2   0.000e+00
     417       2   0.000e+00       2   0.000e+00
     418       2   0.000e+00       2   0.000e+00
     419       2   0.000e+00       2   0.000e+00
     420       2   0.000e+00       2   0.000e+00
     421       2   0.000e+00       2   0.000e+00
     422       2   0.000e+00       2   0.000e+00
     423       2   0.000e+00       2   0.000e+00
     424       2   0.000e+00       2   0.000e+00
     425       2   0.000e+00       2   0.000e+00
     426       2   0.000e+00       2   0.000e+00
     427       2   0.000e+00       2   0.000e+00
     428       2   0.000e+00       2   0.000e+00
     429       2   0.000e+00       2   0.000e+00
     430       2   0.000e+00       2   0.000e+00
     431       2   0.000e+00       2   0.000e+00
     432       2   0.000e+00       2   0.000e+00
     433       1   0.000e+00       1   0.000e+00
     434       1   0.000e+00       1   0.000e+00
     435       2   0.000e+00       2   0.000e+00
     436       2   0.000e+00       2   0.000e+00
     437       2   0.000e+00       2   0.000e+00
     438       2   0.000e+00       2   0.000e+00
     439       2   0.000e+00       2   0.000e+00
     440       2   0.000e+00       2   0.000e+00
     441       2   0.000e+00       2   0.000e+00
     442       2   0.000e+00       2   0.000e+00
     443       2   0.000e+00       2   0.000e+00
     444       2   0.000e+00       2   0.000e+00
     445       2   0.000e+00       2   0.000e+00
     446       2   0.000e+00       2   0.000e+00
     447       2   0.000e+00       2   0.000e+00
     448       2   0.000e+00       2   0.000e+00
     449       2   0.000e+00       2   0.000e+00
     450       1   0.000e+00       1   0.000e+00
     451       1   0.000e+00       1   0.000e+00
     452       2   0.000e+00       2   0.000e+00
     453       2   0.000e+00       2   0.000e+00
     454       2   0.000e+00       2   0.000e+00
     455       2   0.000e+00       2   0.000e+00
     456       2   0.000e+00       2   0.000e+00
     457       2   0.000e+00       2   0.000e+00
     458       2   0.000e+00       2   0.000e+00
     459       2   0.000e+00       2   0.000e+00
     460       2   0.000e+00       2   0.000e+00
     461       2   0.000e+00       2   0.000e+00
     462       2   0.000e+00       2   0.000e+00
     463       2   0.000e+00       2   0.000e+00
     464       2   0.000e+00       2   0.000e+00
     465       2   0.000e+00       2   0.000e+00
     466       2   0.000e+00       2   0.000e+00
     467       2   0.000e+00       2   0.000e+00
     468       2   0.000e+00       2   0.000e+00
     469       2   0.000e+00       2   0.000e+00
     470       2   0.000e+00       2   0.000e+00
     471       2   0.000e+00       2   0.000e+00
     472       2   0.000e+00       2   0.000e+00
     473       2   0.000e+00       2   0.000e+00
     474       2   0.000e+00       2   0.000e+00
     475       2   0.000e+00       2   0.000e+00
     476       2   0.000e+00       2   0.000e+00
     477       2   0.000e+00       2   0.000e+00
     478       2   0.000e+00       2   0.000e+00
     479       2   0.000e+00       2   0.000e+00
     480       2   0.000e+00       2   0.000e+00
     481       2   0.000e+00       2   0.000e+00
     482       2   0.000e+00       2   0.000e+00
     483       1   0.000e+00       1   0.000e+00
     484       1   0.000e+00       1   0.000e+00
     485       2   0.000e+00       2   0.000e+00
     486       2   0.000e+00       2   0.000e+00
     487       2   0.000e+00       2   0.000e+00
     488       2   0.000e+00       2   0.000e+00
     489       2   0.000e+00       2   0.000e+00
     490       2   0.000e+00       2   0.000e+00
     491       2   0.000e+00       2   0.000e+00
     492       2   0.000e+00       2   0.000e+00
     493       2   0.000e+00       2   0.000e+00
     494       2   0.000e+00       2   0.000e+00
     495       2   0.000e+00       2   0.000e+00
     496       2   0.000e+00       2   0.000e+00
     497       2   0.000e+00       2   0.000e+00
     498       2   0.000e+00       2   0.000e+00
     499       2   0.000e+00       2   0.000e+00
     500       1   0.000e+00       1   0.000e+00
     501       1   0.000e+00       1   0.000e+00
     502       2   0.000e+00       2   0.000e+00
     503       2   0.000e+00       2   0.000e+00
     504       2   0.000e+00       2   0.000e+00
     505       2   0.000e+00       2   0.000e+00
     506       2   0.000e+00       2   0.000e+00
     507       2   0.000e+00       2   0.000e+00
     508       2   0.000e+00       2   0.000e+00
     509       2   0.000e+00       2   0.000e+00
     510       2   0.000e+00       2   0.000e+00
     511       2   0.000e+00       2   0.000e+00
     512       2   0.000e+00       2   0.000e+00
     513       2   0.000e+00       2   0.000e+00
     514       2   0.000e+00       2   0.000e+00
     515       2   0.000e+00       2   0.000e+00
     516       2   0.000e+00       2   0.000e+00
     517       2   0.000e+00       2   0.000e+00
     518       2   0.000e+00       2   0.000e+00
     519       2   0.000e+00       2   0.000e+00
     520       2   0.000e+00       2   0.000e+00
     521       2   0.000e+00       2   0.000e+00
     522       2   0.000e+00       2   0.000e+00
     523       2   0.000e+00       2   0.000e+00
     524       2   0.000e+00       2   0.000e+00
     525       2   0.000e+00       2   0.000e+00
     526       2   0.000e+00       2   0.000e+00
     527       2   0.000e+00       2   0.000e+00
     528       2   0.000e+00       2   0.000e+00
     529       2   0.000e+00       2   0.000e+00
     530       2   0.000e+00       2   0.000e+00
     531       2   0.000e+00       2   0.000e+00
     532       2   0.000e+00       2   0.000e+00
     533       1   0.000e+00       1   0.000e+00
     534       1   0.000e+00       1   0.000e+00
     535       2   0.000e+00       2   0.000e+00
     536       2   0.000e+00       2   0.000e+00
     537       2   0.000e+00       2   0.000e+00
     538       2   0.000e+00       2   0.000e+00
     539       2   0.000e+00       2   0.000e+00
     540       2   0.000e+00       2   0.000e+00
     541       2   0.000e+00       2   0.000e+00
     542       2   0.000e+00       2   0.000e+00
     543       2   0.000e+00       2   0.000e+00
     544       2   0.000e+00       2   0.000e+00
     545       2   0.000e+00       2   0.000e+00
     546       2   0.000e+00       2   0.000e+00
     547       2   0.000e+00       2   0.000e+00
     548       2   0.000e+00       2   0.000e+00
     549       2   0.000e+00       2   0.000e+00
     550       1   0.000e+00       1   0.000e+00
     551       1   0.000e+00       1   0.000e+00
     552       2   0.000e+00       2   0.000e+00
     553       2   0.000e+00       2   0.000e+00
     554       2   0.000e+00       2   0.000e+00
     555       2   0.000e+00       2   0.000e+00
     556       2   0.000e+00       2   0.000e+00
     557       2   0.000e+00       2   0.000e+00
     558       2   0.000e+00       2   0.000e+00
     559       2   0.000e+00       2   0.000e+00
     560       2   0.000e+00       2   0.000e+00
     561       2   0.000e+00       2   0.000e+00
     562       2   0.000e+00       2   0.000e+00
     563       2   0.000e+00       2   0.000e+00
     564       2   0.000e+00       2   0.000e+00
     565       2   0.000e+00       2   0.000e+00
     566       2   0.000e+00       2   0.000e+00
     567       2   0.000e+00       2   0.000e+00
     568       2   0.000e+00       2   0.000e+00
     569       2   0.000e+00       2   0.000e+00
     570       2   0.000e+00       2   0.000e+00
     571       2   0.000e+00       2   0.000e+00
     572       2   0.000e+00       2   0.000e+00
     573       2   0.000e+00       2   0.000e+00
     574       2   0.000e+00       2   0.000e+00
     575       2   0.000e+00       2   0.000e+00
     576       2   0.000e+00       2   0.000e+00
     577       2   0.000e+00       2   0.000e+00
     578       2   0.000e+00       2   0.000e+00
     579       2   0.000e+00       2   0.000e+00
     580       2   0.000e+00       2   0.000e+00
     581       2   0.000e+00       2   0.000e+00
     582       2   0.000e+00       2   0.000e+00
     583       1   0.000e+00       1   0.000e+00
     584       1   0.000e+00       1   0.000e+00
     585       2   0.000e+00       2   0.000e+00
     586       2   0.000e+00       2   0.000e+00
     587       2   0.000e+00       2   0.000e+00
     588       2   0.000e+00       2   0.000e+00
     589       2   0.000e+00       2   0.000e+00
     590       2   0.000e+00       2   0.000e+00
     591       2   0.000e+00       2   0.000e+00
     592       2   0.000e+00       2   0.000e+00
     593       2   0.000e+00       2   0.000e+00
     594       2   0.000e+00       2   0.000e+00
     595       2   0.000e+00       2   0.000e+00
     596       2   0.000e+00       2   0.000e+00
     597       2   0.000e+00       2   0.000e+00
     598       2   0.000e+00       2   0.000e+00
     599       2   0.000e+00       2   0.000e+00
     600       1   0.000e+00       1   0.000e+00
     601       1   0.000e+00       1   0.000e+00
     602       2   0.000e+00       2   0.000e+00
     603       2   0.000e+00       2   0.000e+00
     604       2   0.000e+00       2   0.000e+00
     605       2   0.000e+00       2   0.000e+00
     606       2   0.000e+00       2   0.000e+00
     607       2   0.000e+00       2   0.000e+00
     608       2   0.000e+00       2   0.000e+00
     609       2   0.000e+00       2   0.000e+00
     610       2   0.000e+00       2   0.000e+00
     611       2   0.000e+00       2   0.000e+00
     612       2   0.000e+00       2   0.000e+00
     613       2   0.000e+00       2   0.000e+00
     614       2   0.000e+00       2   0.000e+00
     615       2   0.000e+00       2   0.000e+00
     616       2   0.000e+00       2   0.000e+00
     617       2   0.000e+00       2   0.000e+00
     618       2   0.000e+00       2   0.000e+00
     619       2   0.000e+00       2   0.000e+00
     620       2   0.000e+00       2   0.000e+00
     621       2   0.000e+00       2   0.000e+00
     622       2   0.000e+00       2   0.000e+00
     623       2   0.000e+00       2   0.000e+00
     624       2   0.000e+00       2   0.000e+00
     625       2   0.000e+00       2   0.000e+00
     626       2   0.000e+00       2   0.000e+00
     627       2   0.000e+00       2   0.000e+00
     628       2   0.000e+00       2   0.000e+00
     629       2   0.000e+00       2   0.000e+00
     630       2   0.000e+00       2   0.000e+00
     631       2   0.000e+00       2   0.000e+00
     632       2   0.000e+00       2   0.000e+00
     633       1   0.000e+00       1   0.000e+00
     634       1   0.000e+00       1   0.000e+00
     635       2   0.000e+00       2   0.000e+00
     636       2   0.000e+00       2   0.000e+00
     637       2   0.000e+00       2   0.000e+00
     638       2   0.000e+00       2   0.000e+00
     639       2   0.000e+00       2   0.000e+00
     640       2   0.000e+00       2   0.000e+00
     641       2   0.000e+00       2   0.000e+00
     642       2   0.000e+00       2   0.000e+00
     643       2   0.000e+00       2   0.000e+00
     644       2   0.000e+00       2   0.000e+00
     645       2   0.000e+00       2   0.000e+00
     646       2   0.000e+00       2   0.000e+00
     647       2   0.000e+00       2   0.000e+00
     648       2   0.000e+00       2   0.000e+00
     649       2   0.000e+00       2   0.000e+00
     650       1   0.000e+00       1   0.000e+00
     651       1   0.000e+00       1   0.000e+00
     652       2   0.000e+00       2   0.000e+00
     653       2   0.000e+00       2   0.000e+00
     654       2   0.000e+00       2   0.000e+00
     655       2   0.000e+00       2   0.000e+00
     656       2   0.000e+00       2   0.000e+00
     657       2   0.000e+00       2   0.000e+00
     658       2   0.000e+00       2   0.000e+00
     659       2   0.000e+00       2   0.000e+00
     660       2   0.000e+00       2   0.000e+00
     661       2   0.000e+00       2   0.000e+00
     662       2   0.000e+00       2   0.000e+00
     663       2   0.000e+00       2   0.000e+00
     664       2   0.000e+00       2   0.000e+00
     665       2   0.000e+00       2   0.000e+00
     666       2   0.000e+00       2   0.000e+00
     667       2   0.000e+00       2   0.000e+00
     668       2   0.000e+00       2   0.000e+00
     669       2   0.000e+00       2   0.000e+00
     670       2   0.000e+00       2   0.000e+00
     671       2   0.000e+00       2   0.000e+00
     672       2   0.000e+00       2   0.000e+00
     673       2   0.000e+00       2   0.000e+00
     674       2   0.000e+00       2   0.000e+00
     675       2   0.000e+00       2   0.000e+00
     676       2   0.000e+00       2   0.000e+00
     677       2   0.000e+00       2   0.000e+00
     678       2   0.000e+00       2   0.000e+00
     679       2   0.000e+00       2   0.000e+00
     680       2   0.000e+00       2   0.000e+00
     681       2   0.000e+00       2   0.000e+00
     682       2   0.000e+00       2   0.000e+00
     683       1   0.000e+00       1   0.000e+00
     684       1   0.000e+00       1   0.000e+00
     685       2   0.000e+00       2   0.000e+00
     686       2   0.000e+00       2   0.000e+00
     687       2   0.000e+00       2   0.000e+00
     688       2   0.000e+00       2   0.000e+00
     689       2   0.000e+00       2   0.000e+00
     690       2   0.000e+00       2   0.000e+00
     691       2   0.000e+00       2   0.000e+00
     692       2   0.000e+00       2   0.000e+00
     693       2   0.000e+00       2   0.000e+00
     694       2   0.000e+00       2   0.000e+00
     695       2   0.000e+00       2   0.000e+00
     696       2   0.000e+00       2   0.000e+00
     697       2   0.000e+00       2   0.000e+00
     698       2   0.000e+00       2   0.000e+00
     699       2   0.000e+00       2   0.000e+00
     700       1   0.000e+00       1   0.000e+00
     701       1   0.000e+00       1   0.000e+00
     702       2   0.000e+00       2   0.000e+00
     703       2   0.000e+00       2   0.000e+00
     704       2   0.000e+00       2   0.000e+00
     705       2   0.000e+00       2   0.000e+00
     706       2   0.000e+00       2   0.000e+00
     707       2   0.000e+00       2   0.000e+00
     708       2   0.000e+00       2   0.000e+00
     709       2   0.000e+00       2   0.000e+00
     710       2   0.000e+00       2   0.000e+00
     711       2   0.000e+00       2   0.000e+00
     712       2   0.000e+00       2   0.000e+00
     713       2   0.000e+00       2   0.000e+00
     714       2   0.000e+00       2   0.000e+00
     715       2   0.000e+00       2   0.000e+00
     716       2   0.000e+00       2   0.000e+00
     717       2   0.000e+00       2   0.000e+00
     718       2   0.000e+00       2   0.000e+00
     719       2   0.000e+00       2   0.000e+00
     720       2   0.000e+00       2   0.000e+00
     721       2   0.000e+00       2   0.000e+00
     722       2   0.000e+00       2   0.000e+00
     723       2   0.000e+00       2   0.000e+00
     724       2   0.000e+00       2   0.000e+00
     725       2   0.000e+00       2   0.000e+00
     726       2   0.000e+00       2   0.000e+00
     727       2   0.000e+00       2   0.000e+00
     728       2   0.000e+00       2   0.000e+00
     729       2   0.000e+00       2   0.000e+00
     730       2   0.000e+00       2   0.000e+00
     731       2   0.000e+00       2   0.000e+00
     732       2   0.000e+00       2   0.000e+00
     733       1   0.000e+00       1   0.000e+00
     734       1   0.000e+00       1   0.000e+00
     735       2   0.000e+00       2   0.000e+00
     736       2   0.000e+00       2   0.000e+00
     737       2   0.000e+00       2   0.000e+00
     738       2   0.000e+00       2   0.000e+00
     739       2   0.000e+00       2   0.000e+00
     740       2   0.000e+00       2   0.000e+00
     741       2   0.000e+00       2   0.000e+00
     742       2   0.000e+00       2   0.000e+00
     743       2   0.000e+00       2   0.000e+00
     744       2   0.000e+00       2   0.000e+00
     745       2   0.000e+00       2   0.000e+00
     746       2   0.000e+00       2   0.000e+00
     747       2   0.000e+00       2   0.000e+00
     748       2   0.000e+00       2   0.000e+00
     749       2   0.000e+00       2   0.000e+00
     750       1   0.000e+00       1   0.000e+00
     751       1   0.000e+00       1   0.000e+00
     752       2   0.000e+00       2   0.000e+00
     753       2   0.000e+00       2   0.000e+00
     754       2   0.000e+00       2   0.000e+00
     755       2   0.000e+00       2   0.000e+00
     756       2   0.000e+00       2   0.000e+00
     757       2   0.000e+00       2   0.000e+00
     758       2   0.000e+00       2   0.000e+00
     759       2   0.000e+00       2   0.000e+00
     760       2   0.000e+00       2   0.000e+00
     761       2   0.000e+00       2   0.000e+00
     762       2   0.000e+00       2   0.000e+00
     763       2   0.000e+00       2   0.000e+00
     764       2   0.000e+00       2   0.000e+00
     765       2   0.000e+00       2   0.000e+00
     766       2   0.000e+00       2   0.000e+00
     767       2   0.000e+00       2   0.000e+00
     768       2   0.000e+00       2   0.000e+00
     769       2   0.000e+00       2   0.000e+00
     770       2   0.000e+00       2   0.000e+00
     771       2   0.000e+00       2   0.000e+00
     772       2   0.000e+00       2   0.000e+00
     773       2   0.000e+00       2   0.000e+00
     774       2   0.000e+00       2   0.000e+00
     775       2   0.000e+00       2   0.000e+00
     776       2   0.000e+00       2   0.000e+00
     777       2   0.000e+00       2   0.000e+00
     778       2   0.000e+00       2   0.000e+00
     779       2   0.000e+00       2   0.000e+00
     780       2   0.000e+00       2   0.000e+00
     781       2   0.000e+00       2   0.000e+00
     782       2   0.000e+00       2   0.000e+00
     783       1   0.000e+00       1   0.000e+00
     784       1   0.000e+00       1   0.000e+00
     785       2   0.000e+00       2   0.000e+00
     786       2   0.000e+00       2   0.000e+00
     787       2   0.000e+00       2   0.000e+00
     788       2   0.000e+00       2   0.000e+00
     789       2   0.000e+00       2   0.000e+00
     790       2   0.000e+00       2   0.000e+00
     791       2   0.000e+00       2   0.000e+00
     792       2   0.000e+00       2   0.000e+00
     793       2   0.000e+00       2   0.000e+00
     794       2   0.000e+00       2   0.000e+00
     795       2   0.000e+00       2   0.000e+00
     796       2   0.000e+00       2   0.000e+00
     797       2   0.000e+00       2   0.000e+00
     798       2   0.000e+00       2   0.000e+00
     799       2   0.000e+00       2   0.000e+00
     800       1   0.000e+00       1   0.000e+00
     801       1   0.000e+00       1   0.000e+00
     802       2   0.000e+00       2   0.000e+00
     803       2   0.000e+00       2   0.000e+00
     804       2   0.000e+00       2   0.000e+00
     805       2   0.000e+00       2   0.000e+00
     806       2   0.000e+00       2   0.000e+00
     807       2   0.000e+00       2   0.000e+00
     808       2   0.000e+00       2   0.000e+00
     809       2   0.000e+00       2   0.000e+00
     810       2   0.000e+00       2   0.000e+00
     811       2   0.000e+00       2   0.000e+00
     812       2   0.000e+00       2   0.000e+00
     813       2   0.000e+00       2   0.000e+00
     814       2   0.000e+00       2   0.000e+00
     815       2   0.000e+00       2   0.000e+00
     816       2   0.000e+00       2   0.000e+00
     817       2   0.000e+00       2   0.000e+00
     818       2   0.000e+00       2   0.000e+00
     819       2   0.000e+00       2   0.000e+00
     820       2   0.000e+00       2   0.000e+00
     821       2   0.000e+00       2   0.000e+00
     822       2   0.000e+00       2   0.000e+00
     823       2   0.000e+00       2   0.000e+00
     824       2   0.000e+00       2   0.000e+00
     825       2   0.000e+00       2   0.000e+00
     826       2   0.000e+00       2   0.000e+00
     827       2   0.000e+00       2   0.000e+00
     828       2   0.000e+00       2   0.000e+00
     829       2   0.000e+00       2   0.000e+00
     830       2   0.000e+00       2   0.000e+00
     831       2   0.000e+00       2   0.000e+00
     832       2   0.000e+00       2   0.000e+00
     833       1   0.000e+00       1   0.000e+00
# Traction:
      16      ! the number of edge which is applied traction
       1     801     802     803
       2     803     804     805
       3     805     806     807
       4     807     808     809
       5     809     810     811
       6     811     812     813
       7     813     814     815
       8     815     816     817
       9     817     818     819
      10     819     820     821
      11     821     822     823
      12     823     824     825
      13     825     826     827
      14     827     828     829
      15     829     830     831
      16     831     832     833
# End of file
