A Plate with Applied Pressure Loads                  27-May-25
Plane stress
      16      65                     ! No. of Elements, No. of Nodes
   3.0e+07     0.3               ! Young's Modulus, Poisson's Ratio
# Nodes:
       1  0.00000000e+00  0.00000000e+00
       2  2.50000000e-01  6.25000000e-02
       3  5.00000000e-01  1.25000000e-01
       4  7.50000000e-01  1.87500000e-01
       5  1.00000000e+00  2.50000000e-01
       6  1.25000000e+00  3.12500000e-01
       7  1.50000000e+00  3.75000000e-01
       8  1.75000000e+00  4.37500000e-01
       9  2.00000000e+00  5.00000000e-01
      10  0.00000000e+00  1.25000000e-01
      11  5.00000000e-01  2.34375000e-01
      12  1.00000000e+00  3.43750000e-01
      13  1.50000000e+00  4.53125000e-01
      14  2.00000000e+00  5.62500000e-01
      15  0.00000000e+00  2.50000000e-01
      16  2.50000000e-01  2.96875000e-01
      17  5.00000000e-01  3.43750000e-01
      18  7.50000000e-01  3.90625000e-01
      19  1.00000000e+00  4.37500000e-01
      20  1.25000000e+00  4.84375000e-01
      21  1.50000000e+00  5.31250000e-01
      22  1.75000000e+00  5.78125000e-01
      23  2.00000000e+00  6.25000000e-01
      24  0.00000000e+00  3.75000000e-01
      25  5.00000000e-01  4.53125000e-01
      26  1.00000000e+00  5.31250000e-01
      27  1.50000000e+00  6.09375000e-01
      28  2.00000000e+00  6.87500000e-01
      29  0.00000000e+00  5.00000000e-01
      30  2.50000000e-01  5.31250000e-01
      31  5.00000000e-01  5.62500000e-01
      32  7.50000000e-01  5.93750000e-01
      33  1.00000000e+00  6.25000000e-01
      34  1.25000000e+00  6.56250000e-01
      35  1.50000000e+00  6.87500000e-01
      36  1.75000000e+00  7.18750000e-01
      37  2.00000000e+00  7.50000000e-01
      38  0.00000000e+00  6.25000000e-01
      39  5.00000000e-01  6.71875000e-01
      40  1.00000000e+00  7.18750000e-01
      41  1.50000000e+00  7.65625000e-01
      42  2.00000000e+00  8.12500000e-01
      43  0.00000000e+00  7.50000000e-01
      44  2.50000000e-01  7.65625000e-01
      45  5.00000000e-01  7.81250000e-01
      46  7.50000000e-01  7.96875000e-01
      47  1.00000000e+00  8.12500000e-01
      48  1.25000000e+00  8.28125000e-01
      49  1.50000000e+00  8.43750000e-01
      50  1.75000000e+00  8.59375000e-01
      51  2.00000000e+00  8.75000000e-01
      52  0.00000000e+00  8.75000000e-01
      53  5.00000000e-01  8.90625000e-01
      54  1.00000000e+00  9.06250000e-01
      55  1.50000000e+00  9.21875000e-01
      56  2.00000000e+00  9.37500000e-01
      57  0.00000000e+00  1.00000000e+00
      58  2.50000000e-01  1.00000000e+00
      59  5.00000000e-01  1.00000000e+00
      60  7.50000000e-01  1.00000000e+00
      61  1.00000000e+00  1.00000000e+00
      62  1.25000000e+00  1.00000000e+00
      63  1.50000000e+00  1.00000000e+00
      64  1.75000000e+00  1.00000000e+00
      65  2.00000000e+00  1.00000000e+00
# Element Connectivity:
       1       1       3      17      15       2      11      16      10
       2       3       5      19      17       4      12      18      11
       3       5       7      21      19       6      13      20      12
       4       7       9      23      21       8      14      22      13
       5      15      17      31      29      16      25      30      24
       6      17      19      33      31      18      26      32      25
       7      19      21      35      33      20      27      34      26
       8      21      23      37      35      22      28      36      27
       9      29      31      45      43      30      39      44      38
      10      31      33      47      45      32      40      46      39
      11      33      35      49      47      34      41      48      40
      12      35      37      51      49      36      42      50      41
      13      43      45      59      57      44      53      58      52
      14      45      47      61      59      46      54      60      53
      15      47      49      63      61      48      55      62      54
      16      49      51      65      63      50      56      64      55
# Boundary conditions:
       1       1   0.000e+00       1   0.000e+00
       2       1   0.000e+00       1   0.000e+00
       3       1   0.000e+00       1   0.000e+00
       4       1   0.000e+00       1   0.000e+00
       5       1   0.000e+00       1   0.000e+00
       6       1   0.000e+00       1   0.000e+00
       7       1   0.000e+00       1   0.000e+00
       8       1   0.000e+00       1   0.000e+00
       9       1   0.000e+00       1   0.000e+00
      10       1   0.000e+00       1   0.000e+00
      11       2   0.000e+00       2   0.000e+00
      12       2   0.000e+00       2   0.000e+00
      13       2   0.000e+00       2   0.000e+00
      14       1   0.000e+00       1   0.000e+00
      15       1   0.000e+00       1   0.000e+00
      16       2   0.000e+00       2   0.000e+00
      17       2   0.000e+00       2   0.000e+00
      18       2   0.000e+00       2   0.000e+00
      19       2   0.000e+00       2   0.000e+00
      20       2   0.000e+00       2   0.000e+00
      21       2   0.000e+00       2   0.000e+00
      22       2   0.000e+00       2   0.000e+00
      23       1   0.000e+00       1   0.000e+00
      24       1   0.000e+00       1   0.000e+00
      25       2   0.000e+00       2   0.000e+00
      26       2   0.000e+00       2   0.000e+00
      27       2   0.000e+00       2   0.000e+00
      28       1   0.000e+00       1   0.000e+00
      29       1   0.000e+00       1   0.000e+00
      30       2   0.000e+00       2   0.000e+00
      31       2   0.000e+00       2   0.000e+00
      32       2   0.000e+00       2   0.000e+00
      33       2   0.000e+00       2   0.000e+00
      34       2   0.000e+00       2   0.000e+00
      35       2   0.000e+00       2   0.000e+00
      36       2   0.000e+00       2   0.000e+00
      37       1   0.000e+00       1   0.000e+00
      38       1   0.000e+00       1   0.000e+00
      39       2   0.000e+00       2   0.000e+00
      40       2   0.000e+00       2   0.000e+00
      41       2   0.000e+00       2   0.000e+00
      42       1   0.000e+00       1   0.000e+00
      43       1   0.000e+00       1   0.000e+00
      44       2   0.000e+00       2   0.000e+00
      45       2   0.000e+00       2   0.000e+00
      46       2   0.000e+00       2   0.000e+00
      47       2   0.000e+00       2   0.000e+00
      48       2   0.000e+00       2   0.000e+00
      49       2   0.000e+00       2   0.000e+00
      50       2   0.000e+00       2   0.000e+00
      51       1   0.000e+00       1   0.000e+00
      52       1   0.000e+00       1   0.000e+00
      53       2   0.000e+00       2   0.000e+00
      54       2   0.000e+00       2   0.000e+00
      55       2   0.000e+00       2   0.000e+00
      56       1   0.000e+00       1   0.000e+00
      57       1   0.000e+00       1   0.000e+00
      58       2   0.000e+00       2   0.000e+00
      59       2   0.000e+00       2   0.000e+00
      60       2   0.000e+00       2   0.000e+00
      61       2   0.000e+00       2   0.000e+00
      62       2   0.000e+00       2   0.000e+00
      63       2   0.000e+00       2   0.000e+00
      64       2   0.000e+00       2   0.000e+00
      65       1   0.000e+00       1   0.000e+00
# Traction:
       4      ! the number of edge which is applied traction
       1      57      58      59
       2      59      60      61
       3      61      62      63
       4      63      64      65
# End of file
